0.6108 0.0001 0.0423 0.1004
0.6337 0.0053 0.2605 0.2320
0.6971 0.0077 0.4563 0.1734
0.6971 0.0811 0.5345 0.1270
0.6971 0.2540 0.5697 0.0927
0.7064 0.2551 0.5838 0.0931
0.7171 0.0017 0.5730 0.1368
0.8421 0.0077 0.5790 0.1356
0.8421 0.0077 0.5949 0.1327
0.8421 0.3630 0.6273 0.0823
0.8421 0.0053 0.6225 0.1183
0.8421 0.2277 0.6417 0.0981
0.8421 0.3630 0.6479 0.0895
0.8935 0.3630 0.6503 0.0957
0.8935 0.0077 0.6587 0.1082
0.8935 0.0017 0.6560 0.1234
0.8935 0.4281 0.6576 0.1089
0.8935 0.0017 0.6555 0.1370
0.8935 0.0053 0.6697 0.1454
0.8935 0.1085 0.7023 0.1066
0.8935 0.0034 0.7195 0.1169
0.8935 0.0004 0.7073 0.1554
0.8970 0.5409 0.7367 0.0866
0.9256 0.0212 0.7372 0.1357
0.9256 0.0017 0.7563 0.1348
0.9256 0.5855 0.7610 0.0838
0.9280 0.0215 0.7553 0.1154
0.9295 0.0215 0.7716 0.1157
0.9295 0.5048 0.7754 0.0934
0.9295 0.4923 0.7728 0.1011
0.9295 0.6076 0.7708 0.0955
0.9295 0.0034 0.7832 0.1244
0.9295 0.5864 0.7803 0.0991
0.9295 0.5864 0.7987 0.0949
0.9295 0.6449 0.8036 0.0947
0.9295 0.0053 0.8104 0.1424
0.9295 0.0017 0.8007 0.1695
0.9295 0.0017 0.8116 0.1564
0.9295 0.6534 0.8465 0.0703
0.9295 0.0017 0.8054 0.2040
0.9295 0.0053 0.8169 0.1582
0.9295 0.0053 0.8494 0.1117
0.9295 0.3416 0.8722 0.0729
0.9295 0.3416 0.8679 0.0955
0.9295 0.4704 0.8836 0.0553
0.9295 0.6621 0.8894 0.0456
0.9295 0.0017 0.8619 0.1555
0.9295 0.0467 0.8789 0.0972
0.9295 0.0017 0.8679 0.1310
0.9295 0.0053 0.8663 0.1157
0.9295 0.3492 0.8859 0.0625
0.9295 0.7520 0.8970 0.0308
0.9295 0.6678 0.8924 0.0408
0.9295 0.7095 0.8892 0.0418
0.9295 0.0317 0.8670 0.1283
0.9295 0.4907 0.8840 0.0654
0.9295 0.6477 0.8924 0.0577
0.9295 0.0034 0.8821 0.1120
0.9295 0.0017 0.8611 0.1668
0.9295 0.3202 0.8840 0.0984
0.9295 0.4517 0.8912 0.0678
0.9295 0.6508 0.8925 0.0545
0.9295 0.0239 0.8784 0.1095
0.9295 0.5269 0.8859 0.0694
0.9295 0.6556 0.8908 0.0545
0.9295 0.6556 0.8915 0.0498
0.9295 0.4733 0.8818 0.0820
0.9295 0.5048 0.8906 0.0587
0.9295 0.4971 0.8909 0.0681
0.9295 0.0017 0.8588 0.1807
0.9295 0.0053 0.8507 0.1599
0.9295 0.0145 0.8740 0.1255
0.9295 0.2864 0.8818 0.1047
0.9295 0.0017 0.8661 0.1548
0.9295 0.6079 0.8961 0.0645
0.9295 0.0053 0.8669 0.1407
0.9295 0.0053 0.8707 0.1527
0.9295 0.3202 0.8915 0.0891
0.9295 0.6116 0.8987 0.0605
0.9295 0.0053 0.8905 0.1080
0.9295 0.0053 0.8776 0.1395
0.9295 0.0053 0.8767 0.1407
0.9295 0.6678 0.9016 0.0474
0.9295 0.0053 0.8893 0.1032
0.9295 0.0017 0.8815 0.1462
0.9295 0.0053 0.8823 0.1480
0.9295 0.6897 0.8966 0.0577
0.9295 0.1915 0.8943 0.0874
0.9295 0.2681 0.8989 0.0789
0.9295 0.0053 0.8873 0.1188
0.9295 0.0011 0.8676 0.1703
0.9295 0.2511 0.8902 0.1091
0.9295 0.5569 0.9095 0.0498
0.9295 0.6836 0.9136 0.0348
0.9295 0.6489 0.9105 0.0440
0.9295 0.2511 0.9030 0.0747
0.9295 0.0053 0.8841 0.1233
0.9295 0.0053 0.8688 0.1555
0.9295 0.0017 0.8587 0.1785
0.9295 0.7122 0.9015 0.0511
0.5880 0.0002 0.0383 0.0732
0.6766 0.0001 0.1760 0.2047
0.6766 0.0293 0.4133 0.1927
0.6766 0.1805 0.5284 0.0979
0.6822 0.0001 0.5230 0.1345
0.6822 0.0195 0.5384 0.1112
0.6822 0.0256 0.5516 0.1164
0.6822 0.0005 0.5750 0.0799
0.6822 0.0005 0.5667 0.0881
0.6822 0.4122 0.5854 0.0532
0.6822 0.4122 0.5846 0.0568
0.6822 0.0001 0.5613 0.1217
0.7075 0.0301 0.5796 0.0832
0.7075 0.4940 0.6015 0.0399
0.7075 0.5261 0.6089 0.0313
0.7075 0.5235 0.6092 0.0341
0.7075 0.5225 0.6127 0.0398
0.7075 0.5235 0.6135 0.0341
0.7075 0.0001 0.6062 0.0703
0.7075 0.0301 0.5927 0.0996
0.7075 0.0001 0.5791 0.1332
0.7075 0.0301 0.5994 0.0793
0.7075 0.0001 0.5712 0.1378
0.7075 0.1346 0.6004 0.0586
0.7075 0.1243 0.5935 0.0783
0.7075 0.1440 0.6002 0.0620
0.7075 0.1459 0.5989 0.0634
0.7075 0.1467 0.5908 0.0862
0.7075 0.0301 0.5908 0.0853
0.7075 0.0308 0.6036 0.0679
0.7075 0.4865 0.6130 0.0313
0.7226 0.1456 0.5996 0.0788
0.7663 0.0001 0.5910 0.1099
0.8019 0.3510 0.6093 0.0501
0.8019 0.0073 0.6056 0.0913
0.8019 0.1806 0.6112 0.0750
0.8019 0.0001 0.5943 0.1192
0.8019 0.3088 0.6179 0.0600
0.8019 0.0001 0.5864 0.1267
0.8019 0.3851 0.6109 0.0471
0.8019 0.1612 0.6121 0.0609
0.8019 0.1612 0.6079 0.0749
0.8019 0.0256 0.6067 0.0873
0.8019 0.5288 0.6132 0.0414
0.8306 0.5222 0.6186 0.0534
0.8306 0.4649 0.6216 0.0634
0.8306 0.1343 0.6109 0.0927
0.8306 0.5112 0.6176 0.0556
0.8306 0.1897 0.6215 0.0723
0.8306 0.4734 0.6295 0.0639
0.8306 0.1408 0.6317 0.0836
0.8571 0.0024 0.6096 0.1353
0.8571 0.3863 0.6325 0.0802
0.8571 0.0073 0.6257 0.1182
0.8571 0.4874 0.6492 0.0662
0.8571 0.1361 0.6597 0.0852
0.8571 0.5769 0.6685 0.0716
0.8571 0.0001 0.6664 0.1191
0.8571 0.0001 0.6634 0.1116
0.8571 0.0037 0.6754 0.1066
0.8571 0.0001 0.6684 0.1222
0.8571 0.5145 0.6893 0.0778
0.8670 0.5815 0.7041 0.0747
0.8670 0.5588 0.7134 0.0814
0.8670 0.5846 0.7046 0.0795
0.8670 0.0301 0.6976 0.1162
0.8694 0.5846 0.7280 0.0858
0.8694 0.0001 0.7207 0.1330
0.8694 0.0001 0.7230 0.1586
0.8694 0.5846 0.7474 0.0736
0.8777 0.0950 0.7345 0.1039
0.8777 0.0301 0.7343 0.1365
0.8777 0.0001 0.7397 0.1539
0.8777 0.1704 0.7548 0.1121
0.8777 0.4238 0.7529 0.0992
0.8777 0.0072 0.7436 0.1394
0.8777 0.5139 0.7633 0.0987
0.8777 0.2288 0.7751 0.1052
0.8777 0.6101 0.7802 0.0890
0.8777 0.6482 0.7951 0.0789
0.8777 0.6482 0.8026 0.0767
0.8777 0.0024 0.7865 0.1480
0.8777 0.6078 0.8107 0.0706
0.8777 0.5477 0.8230 0.0669
0.8777 0.6519 0.8270 0.0620
0.8777 0.1385 0.8203 0.0955
0.8777 0.0301 0.8233 0.1023
0.8777 0.1722 0.8326 0.0881
0.8777 0.1722 0.8098 0.1335
0.8777 0.0024 0.8212 0.1214
0.8777 0.0301 0.8329 0.1031
0.8777 0.0024 0.8381 0.1034
0.8777 0.0037 0.8302 0.1239
0.8777 0.6078 0.8413 0.0633
0.8777 0.0301 0.8216 0.1051
0.8777 0.2414 0.8318 0.0840
0.8777 0.3477 0.8272 0.0818
0.8777 0.6750 0.8353 0.0645
0.8777 0.2394 0.8244 0.0973
0.8777 0.6566 0.8277 0.0699
1.4487 0.0002 0.1096 0.2431
1.4598 0.0228 0.5454 0.5196
1.4607 0.0038 1.0472 0.4139
1.4638 0.0867 1.1461 0.3451
1.4638 0.0356 1.1774 0.3236
1.5083 0.0356 1.1910 0.3382
1.5083 0.6727 1.2967 0.2108
1.5083 0.7691 1.3469 0.1617
1.5083 0.7691 1.3404 0.1838
1.5086 0.0004 1.3315 0.2440
1.5102 0.6933 1.3708 0.1567
1.5150 0.6669 1.3678 0.1666
1.5150 0.4802 1.3649 0.1824
1.6938 0.0068 1.3339 0.2537
1.6938 0.0867 1.3299 0.2541
1.7100 0.7443 1.3489 0.2168
1.7100 0.6123 1.3680 0.2065
1.7100 0.8147 1.4005 0.2068
1.7155 0.0392 1.3796 0.2931
1.7155 0.0527 1.3872 0.2825
1.7446 0.0527 1.4331 0.2300
1.7446 0.5559 1.4035 0.2240
1.7446 0.5598 1.4154 0.1992
1.7446 0.0007 1.3897 0.3379
1.7446 0.0527 1.4422 0.1944
1.7446 0.0068 1.4407 0.2483
1.7446 0.8232 1.4766 0.1281
1.7446 0.3243 1.4689 0.1902
1.7505 0.0520 1.4337 0.2788
1.7505 0.0738 1.4776 0.2075
1.7505 0.4802 1.4863 0.1714
1.7505 0.6633 1.5138 0.1202
1.7505 0.8519 1.5148 0.1073
1.7505 1.4065 1.5204 0.0848
1.7505 1.3925 1.5247 0.0855
1.7505 0.7781 1.5153 0.1121
1.7505 1.0918 1.5226 0.0913
1.7505 0.5577 1.5209 0.1467
1.7505 0.4802 1.5224 0.1744
1.7505 1.0918 1.5437 0.1228
1.7505 1.1701 1.5756 0.1146
1.7505 1.1701 1.6027 0.1145
1.7505 0.8619 1.5739 0.1586
1.7505 0.4802 1.5896 0.1774
1.7505 1.0023 1.6065 0.1233
1.7505 1.1317 1.6286 0.1049
1.7505 0.8406 1.6276 0.1275
1.7505 1.4520 1.6436 0.0940
1.7505 0.4493 1.6383 0.1490
1.7505 1.4435 1.6562 0.0842
1.7505 0.4606 1.6431 0.1475
1.7505 0.4606 1.6201 0.1586
1.7505 0.8305 1.6309 0.1247
1.7505 0.7732 1.6222 0.1780
1.7505 0.7732 1.6470 0.1457
1.7505 0.1748 1.6589 0.1883
1.7505 1.4930 1.6738 0.0750
1.7505 1.4855 1.6502 0.0852
1.7505 1.4845 1.6575 0.0862
1.7505 1.4895 1.6717 0.0827
1.7505 1.5083 1.6913 0.0722
1.7505 0.1748 1.6784 0.1710
1.7505 0.1762 1.6751 0.1721
1.7505 1.3260 1.6853 0.0962
1.7505 0.4606 1.6703 0.1530
1.7505 1.3260 1.6883 0.0911
1.7505 0.8584 1.6921 0.1112
1.7505 0.8878 1.6890 0.1096
1.7505 0.0527 1.6477 0.2424
1.7505 1.3260 1.7042 0.0761
1.7505 1.3260 1.7016 0.0710
1.7505 1.5429 1.7179 0.0463
1.7505 1.5429 1.7174 0.0419
1.7505 1.5494 1.7164 0.0410
1.7505 1.5494 1.7152 0.0498
1.7505 1.5086 1.7049 0.0621
1.7505 0.7548 1.7003 0.1110
1.7505 0.1748 1.6696 0.1879
1.7505 0.4188 1.6709 0.1707
1.7505 1.3260 1.6930 0.0858
1.7505 0.0520 1.6864 0.1797
1.7505 1.3260 1.6999 0.0754
1.7505 1.4295 1.6935 0.0752
1.7505 1.4694 1.6860 0.0763
1.7505 1.4694 1.6838 0.0755
1.7505 1.4895 1.6866 0.0712
1.7505 0.0527 1.6628 0.1797
1.7505 0.5577 1.6631 0.1370
1.7505 1.4595 1.6756 0.0816
1.7505 1.3670 1.6852 0.0856
1.7505 0.0520 1.6620 0.2426
1.7505 1.4316 1.7002 0.0720
1.7505 1.2980 1.6932 0.0931
1.7505 0.0527 1.6555 0.2611
1.7505 1.3730 1.7022 0.0761
1.7505 0.0520 1.6898 0.1784
1.7505 0.9499 1.6862 0.1096
1.7505 0.1769 1.6712 0.1897
1.7505 0.8807 1.6915 0.1115
1.7505 1.0023 1.6991 0.1033
0.3744 0.0002 0.0366 0.0543
0.6472 0.0008 0.1156 0.1327
0.6472 0.0271 0.2794 0.1781
0.7031 0.0297 0.3790 0.1648
0.7090 0.1326 0.4625 0.1540
0.7090 0.0037 0.4920 0.1657
0.7090 0.0001 0.5102 0.1630
0.7494 0.2066 0.5696 0.1211
0.7622 0.1411 0.5990 0.1040
0.7622 0.0125 0.6013 0.1423
0.7622 0.3361 0.6441 0.0624
0.7622 0.0180 0.6338 0.1037
0.7622 0.3106 0.6506 0.0572
0.7622 0.3106 0.6511 0.0579
0.7622 0.3545 0.6573 0.0623
0.7622 0.0258 0.6478 0.1052
0.7622 0.5472 0.6743 0.0435
0.7622 0.1540 0.6701 0.0791
0.7622 0.5613 0.6739 0.0380
0.7622 0.0125 0.6645 0.0998
0.7622 0.0152 0.6523 0.1256
0.7622 0.5749 0.6835 0.0354
0.7622 0.5749 0.6881 0.0350
0.7622 0.1751 0.6862 0.0713
0.7622 0.1751 0.6806 0.0866
0.7622 0.0258 0.6816 0.0854
0.7622 0.2606 0.6911 0.0562
0.7622 0.2783 0.6978 0.0542
0.7622 0.2783 0.6976 0.0704
0.7622 0.1911 0.6987 0.0636
0.7622 0.0301 0.6934 0.0752
0.7625 0.6300 0.6979 0.0320
0.7679 0.1540 0.6901 0.0793
0.7679 0.6330 0.7015 0.0329
0.7679 0.4623 0.7036 0.0396
0.7679 0.4623 0.7035 0.0413
0.7679 0.0573 0.6944 0.0792
0.7679 0.6314 0.7056 0.0316
0.7679 0.6464 0.7074 0.0314
0.7679 0.2896 0.7041 0.0534
0.7679 0.5752 0.7055 0.0352
0.7679 0.6330 0.7121 0.0291
0.7679 0.4636 0.7117 0.0395
0.7679 0.0258 0.7083 0.0849
0.7679 0.6471 0.7192 0.0298
0.7679 0.6330 0.7165 0.0319
0.7679 0.6545 0.7184 0.0300
0.7684 0.3412 0.7171 0.0505
0.7684 0.5820 0.7203 0.0335
0.7684 0.6330 0.7264 0.0277
0.7684 0.6523 0.7339 0.0253
0.8157 0.6523 0.7315 0.0299
0.8157 0.0125 0.7265 0.0776
0.8157 0.5124 0.7310 0.0413
0.8157 0.5362 0.7362 0.0425
0.8157 0.6330 0.7383 0.0402
0.8157 0.6330 0.7444 0.0380
0.8157 0.1897 0.7369 0.0675
0.8256 0.1898 0.7431 0.0702
0.8256 0.0037 0.7360 0.1104
0.8256 0.0301 0.7428 0.0832
0.8256 0.3858 0.7473 0.0583
0.8409 0.6224 0.7533 0.0475
0.8409 0.6300 0.7495 0.0421
0.8409 0.0125 0.7428 0.0836
0.8409 0.0301 0.7420 0.1078
0.8409 0.0594 0.7462 0.1014
0.8409 0.0594 0.7597 0.0810
0.8409 0.0125 0.7473 0.1269
0.8510 0.2062 0.7680 0.0693
0.8510 0.0037 0.7624 0.0883
0.8510 0.6471 0.7784 0.0472
0.8510 0.6471 0.7757 0.0479
0.8510 0.0311 0.7664 0.1074
0.8510 0.6516 0.7833 0.0459
0.8510 0.0037 0.7695 0.1258
0.8510 0.0311 0.7834 0.0861
0.8510 0.0037 0.7586 0.1493
0.8510 0.0301 0.7582 0.1051
0.8510 0.6417 0.7749 0.0528
0.8510 0.0311 0.7601 0.0990
0.8510 0.3286 0.7679 0.0783
0.8510 0.0037 0.7812 0.0928
0.8510 0.6149 0.7899 0.0518
0.8510 0.0037 0.7757 0.0973
0.8510 0.0037 0.7850 0.0923
0.8519 0.5937 0.7956 0.0485
0.8519 0.0232 0.7855 0.0931
0.8519 0.6121 0.7996 0.0481
0.8519 0.0037 0.7816 0.1187
0.8519 0.6121 0.8067 0.0402
0.8519 0.1898 0.8094 0.0688
0.8519 0.2241 0.8088 0.0652
0.8519 0.2241 0.7997 0.0900
0.8519 0.7341 0.8166 0.0231
0.8519 0.7265 0.8129 0.0293
0.8519 0.2226 0.8084 0.0655
0.8519 0.0311 0.7992 0.1009
0.8519 0.6739 0.8102 0.0335
0.8519 0.7341 0.8121 0.0320
