5.6981 0.2474 3.6726 1.8330
5.8547 0.2474 4.4243 1.2231
5.9714 2.1681 4.7258 0.8110
5.9714 0.2474 4.8507 0.8158
5.9714 1.6517 4.8968 0.7649
5.8547 3.0904 5.0477 0.5642
5.8547 3.2661 5.1515 0.5283
6.0199 3.0904 5.1263 0.5661
6.0199 2.5022 5.2405 0.5433
6.0199 4.1984 5.2578 0.4783
6.0199 2.2256 5.2173 0.6038
6.0199 2.5022 5.2374 0.6116
6.0199 3.4419 5.2854 0.5343
6.0199 3.4419 5.1851 0.6089
6.0199 3.4419 5.2285 0.5546
6.0199 3.4873 5.2479 0.5149
6.0199 3.4873 5.2609 0.5132
6.0199 1.8454 5.3416 0.5907
6.0199 4.3122 5.4513 0.2601
6.0199 4.7053 5.4294 0.2446
6.0199 4.9512 5.4783 0.2128
6.0199 5.0787 5.4740 0.2231
6.0199 4.2098 5.4923 0.2896
6.0199 4.2098 5.4963 0.2884
6.0199 4.7988 5.5120 0.2746
6.0199 5.0035 5.5513 0.2295
6.0199 4.8587 5.5397 0.2378
6.0199 4.8587 5.4803 0.2427
6.0199 4.8182 5.5074 0.2648
6.0199 1.9296 5.4005 0.5094
6.0199 4.0618 5.4746 0.3443
6.0199 1.8454 5.4376 0.5461
6.0199 3.5416 5.4771 0.4105
6.0199 4.3998 5.5323 0.2965
6.0199 4.2615 5.5214 0.3357
6.0199 1.8454 5.5122 0.4898
6.0199 4.7465 5.5279 0.2959
6.1231 3.4284 5.5437 0.3873
6.1231 4.7627 5.6015 0.2720
6.1231 4.7709 5.6090 0.2733
6.1231 4.7503 5.5949 0.2855
6.1231 4.9056 5.6599 0.2374
6.1231 4.9739 5.6306 0.2376
6.1231 5.1476 5.6399 0.2175
6.1231 4.3115 5.6042 0.2732
6.1231 4.6264 5.6380 0.2351
6.1231 4.3115 5.6353 0.2633
6.1231 4.6804 5.6836 0.2305
6.1231 3.6906 5.6361 0.3107
6.1231 3.6906 5.6052 0.3603
6.1231 4.3115 5.6496 0.3306
6.1231 4.3115 5.6138 0.3855
6.1231 4.3115 5.6601 0.2915
6.1231 4.9739 5.6908 0.2120
6.1231 5.1131 5.7234 0.1962
6.1231 4.5227 5.7391 0.2142
6.1231 4.3115 5.7250 0.2452
6.1231 4.7764 5.7130 0.2248
6.1231 4.3115 5.7471 0.2361
6.1231 4.7764 5.7390 0.2516
6.1231 4.7764 5.7599 0.2308
6.1231 4.3115 5.7029 0.2882
6.1231 4.3115 5.6984 0.3151
6.1231 3.5288 5.7012 0.3676
6.1231 3.5288 5.6855 0.4051
6.1231 4.3115 5.7012 0.3296
6.1231 4.0464 5.6915 0.3435
6.1231 4.3115 5.6676 0.3554
6.1231 4.3115 5.6671 0.3477
6.1231 4.3115 5.6777 0.3801
6.1231 4.0464 5.7298 0.3383
6.1231 4.3115 5.6731 0.3733
6.1231 4.3115 5.7222 0.2939
6.1231 4.3115 5.7361 0.3241
6.1231 4.3115 5.7643 0.3121
6.1231 4.0464 5.7443 0.3345
6.1231 4.0890 5.6895 0.4262
6.1231 4.3115 5.6779 0.4115
6.1231 4.3115 5.6940 0.3995
6.1231 4.3115 5.6880 0.3991
6.1231 4.3115 5.7175 0.3287
6.1231 5.1002 5.7711 0.2130
6.1231 4.6285 5.7699 0.2354
6.1231 4.9912 5.7584 0.2327
6.1231 4.5227 5.7122 0.2317
6.1231 4.9739 5.7513 0.2037
6.1231 4.3115 5.7544 0.2155
6.1231 4.4394 5.7424 0.2285
6.1231 4.3115 5.7062 0.3099
6.1231 4.3115 5.6495 0.3504
6.1231 4.5723 5.6733 0.2881
6.1231 4.5723 5.6929 0.2510
6.1231 3.4419 5.6396 0.4049
6.1231 4.3115 5.6541 0.4203
6.1231 4.3115 5.6262 0.4103
6.1231 4.3115 5.6454 0.3801
6.1231 4.3115 5.5991 0.4013
6.1231 4.3115 5.6396 0.3413
6.1231 4.3115 5.6976 0.2422
6.1231 5.2948 5.6950 0.1881
