0.2455 0.0008 0.1384 0.0859
0.2455 0.0008 0.1384 0.0859
0.2455 0.0008 0.1403 0.0853
1.0955 0.0008 0.1488 0.1274
1.0955 0.0008 0.1510 0.1270
1.0955 0.0008 0.1510 0.1270
1.0955 0.0008 0.1510 0.1270
1.0955 0.0008 0.1514 0.1272
1.0955 0.0008 0.1538 0.1269
1.0955 0.0008 0.1583 0.1257
1.0955 0.0008 0.1583 0.1257
1.0955 0.0008 0.1593 0.1259
1.0955 0.0008 0.1633 0.1260
1.0955 0.0008 0.1639 0.1261
1.0955 0.0008 0.1659 0.1264
1.0955 0.0008 0.1662 0.1266
1.0955 0.0008 0.1672 0.1267
1.0955 0.0008 0.1683 0.1277
1.0955 0.0008 0.1693 0.1279
1.0955 0.0008 0.1716 0.1269
1.7595 0.0008 0.1879 0.2026
1.7595 0.0008 0.1879 0.2026
1.7595 0.0008 0.1889 0.2026
1.7595 0.0008 0.1889 0.2026
1.7595 0.0008 0.1908 0.2019
1.7595 0.0008 0.1908 0.2019
1.7595 0.0008 0.2058 0.2479
1.7595 0.0008 0.2071 0.2478
1.7595 0.0008 0.2245 0.2913
1.7595 0.0008 0.2245 0.2913
1.7595 0.0008 0.2246 0.2913
1.7595 0.0008 0.2268 0.2904
1.7595 0.0008 0.2268 0.2904
1.7595 0.0008 0.2277 0.2903
1.7595 0.0008 0.2279 0.2903
1.7595 0.0008 0.2269 0.2904
1.7595 0.0008 0.2269 0.2904
1.7595 0.0008 0.2270 0.2904
1.7595 0.0008 0.2292 0.2897
1.7595 0.0008 0.2302 0.2895
4.0707 0.0008 0.3069 0.6107
4.0707 0.0008 0.3064 0.6108
4.0707 0.0008 0.3064 0.6108
4.0707 0.0008 0.3088 0.6101
4.0707 0.0008 0.3098 0.6099
4.0707 0.0008 0.3101 0.6099
4.0707 0.0008 0.3101 0.6099
4.0707 0.0008 0.3101 0.6099
4.0707 0.0008 0.3253 0.6266
4.0707 0.0008 0.3277 0.6258
4.0707 0.0008 0.3888 0.8021
4.0707 0.0008 0.3911 0.8013
4.0707 0.0008 0.4173 0.8334
4.0707 0.0008 0.4173 0.8334
4.0707 0.0008 0.4219 0.8318
4.0707 0.0008 0.4219 0.8318
4.0707 0.0008 0.4219 0.8318
4.0707 0.0008 0.4250 0.8307
4.0707 0.0008 0.4261 0.8304
4.0707 0.0008 0.4341 0.8262
4.0707 0.0008 0.4332 0.8265
4.0707 0.0008 0.4342 0.8262
4.0707 0.0008 0.4544 0.8455
4.0707 0.0008 0.4557 0.8451
4.0707 0.0008 0.4554 0.8452
4.0707 0.0008 0.4565 0.8448
4.0707 0.0008 0.4565 0.8448
4.0707 0.0008 0.4565 0.8448
4.0707 0.0008 0.4564 0.8449
4.0707 0.0008 0.4727 0.8541
4.0707 0.0008 0.4717 0.8544
4.0707 0.0008 0.4726 0.8541
4.0707 0.0008 0.4733 0.8539
4.0707 0.0008 0.4733 0.8539
4.0707 0.0008 0.4737 0.8538
4.0707 0.0008 0.4747 0.8534
4.0707 0.0008 0.4738 0.8537
4.0707 0.0008 0.4738 0.8537
4.0707 0.0008 0.4738 0.8537
4.0707 0.0008 0.4734 0.8538
4.0707 0.0008 0.4982 0.8645
4.0707 0.0008 0.4975 0.8647
4.0707 0.0008 0.4985 0.8644
4.0707 0.0008 0.5216 0.9265
4.0707 0.0008 0.5216 0.9265
4.0707 0.0008 0.5226 0.9261
4.0707 0.0008 0.4846 0.8562
4.0707 0.0008 0.4859 0.8558
4.0707 0.0008 0.4999 0.8615
4.0707 0.0008 0.5151 0.8701
4.0707 0.0008 0.5151 0.8701
4.0707 0.0008 0.4765 0.7952
4.0707 0.0008 0.5551 0.9391
4.0707 0.0008 0.5573 0.9380
4.0707 0.0008 0.5696 0.9419
4.0707 0.0008 0.5830 0.9461
4.0707 0.0008 0.5830 0.9461
4.0707 0.0008 0.5985 0.9528
4.0707 0.0008 0.5837 0.9463
4.0707 0.0008 0.5827 0.9467
4.0707 0.0008 0.6001 0.9558
4.0707 0.0008 0.6001 0.9558
4.0707 0.0008 0.6019 0.9551
4.0707 0.0008 0.6020 0.9553
4.0707 0.0008 0.6020 0.9553
4.0707 0.0008 0.6020 0.9553
4.0707 0.0008 0.6044 0.9541
4.0707 0.0008 0.6041 0.9542
4.0707 0.0008 0.6225 0.9632
4.0707 0.0008 0.6382 0.9679
4.0707 0.0008 0.6434 0.9611
4.0707 0.0008 0.6434 0.9611
4.0707 0.0008 0.7190 1.0726
4.0707 0.0008 0.7197 1.0722
4.0707 0.0008 0.7825 1.1629
4.0707 0.0008 0.7685 1.1609
4.0707 0.0008 0.7675 1.1614
4.0707 0.0008 0.7835 1.1635
4.0707 0.0008 0.7833 1.1636
4.0707 0.0008 0.7834 1.1636
4.0707 0.0008 0.7844 1.1631
4.0707 0.0008 0.7835 1.1635
4.0707 0.0008 0.7825 1.1640
4.0707 0.0008 0.7825 1.1640
4.0707 0.0008 0.7816 1.1645
4.0707 0.0008 0.7805 1.1651
4.0707 0.0008 0.7817 1.1643
4.0707 0.0008 0.7815 1.1644
4.0707 0.0008 0.7815 1.1644
4.0707 0.0008 0.7807 1.1648
4.0707 0.0008 0.7817 1.1643
4.0707 0.0008 0.7817 1.1643
4.0707 0.0008 0.7987 1.1689
4.0707 0.0008 0.7999 1.1682
4.0997 0.0008 0.7843 1.1658
4.0997 0.0008 0.7834 1.1663
4.0997 0.0008 0.7837 1.1661
4.0997 0.0008 0.7837 1.1661
4.0997 0.0008 0.8135 1.2107
4.0997 0.0008 0.8127 1.2111
4.0997 0.0008 0.8128 1.2111
4.0997 0.0008 0.8129 1.2110
4.0997 0.0008 0.8138 1.2105
4.0997 0.0008 0.8128 1.2110
4.0997 0.0008 0.7682 1.1656
4.0997 0.0008 0.7704 1.1644
4.0997 0.0008 0.7631 1.1260
4.0997 0.0008 0.7645 1.1271
4.0997 0.0008 0.7811 1.1315
4.0997 0.0008 0.7811 1.1315
4.0997 0.0008 0.8207 1.1767
4.0997 0.0008 0.8207 1.1767
4.0997 0.0130 0.8221 1.1758
4.0997 0.0130 0.8232 1.1752
4.0997 0.0130 0.8241 1.1747
4.0997 0.0130 0.8241 1.1747
4.0997 0.0130 0.8251 1.1742
4.0997 0.0130 0.8098 1.1718
4.0997 0.0130 0.8098 1.1718
4.0997 0.0130 0.8482 1.2144
4.0997 0.0130 0.8482 1.2144
4.0997 0.0130 0.8662 1.2152
4.0997 0.0130 0.8662 1.2152
4.0997 0.0130 0.8662 1.2152
4.0997 0.0130 0.8672 1.2147
4.0997 0.0130 0.8811 1.2154
4.0997 0.0130 0.8801 1.2160
4.0997 0.0130 0.8801 1.2160
4.0997 0.0130 0.8656 1.1742
4.0997 0.0161 0.8897 1.1804
4.0997 0.0161 0.8511 1.1371
4.0997 0.0161 0.8651 1.1381
4.0997 0.0161 0.8802 1.1396
4.0997 0.0161 0.8792 1.1402
4.0997 0.0161 0.8653 1.1408
4.0997 0.0161 0.9036 1.1827
4.0997 0.0161 0.9410 1.2194
4.0997 0.0161 0.9808 1.2570
4.0997 0.0161 0.9798 1.2576
4.0997 0.0161 1.0177 1.2912
4.0997 0.0161 1.0174 1.2913
4.0997 0.0161 1.0034 1.2922
4.0997 0.0161 1.0031 1.2924
4.0997 0.0161 0.9952 1.2576
4.0997 0.0161 0.9959 1.2581
4.0997 0.0161 0.9805 1.2580
4.0997 0.0161 0.9791 1.2588
4.0997 0.0161 0.9793 1.2587
4.0997 0.0161 0.9788 1.2583
4.0997 0.0161 0.9790 1.2582
4.0997 0.0161 1.0173 1.2928
4.0997 0.0161 1.0183 1.2922
4.0997 0.0161 1.0027 1.2920
4.0997 0.0161 0.9805 1.2566
4.0997 0.0161 0.9805 1.2566
4.0997 0.0161 0.9689 1.2591
4.0997 0.0161 0.9805 1.2576
4.0997 0.0161 0.9816 1.2570
4.0997 0.0161 0.9806 1.2576
4.0997 0.0161 0.9966 1.2582
4.0997 0.0161 0.9976 1.2575
4.0997 0.0161 0.9966 1.2582
4.0997 0.0161 0.9976 1.2575
4.0997 0.0161 0.9976 1.2575
4.0997 0.0161 0.9937 1.2691
4.0997 0.0161 0.9677 1.2598
4.0997 0.0161 0.9685 1.2593
4.0997 0.0161 0.9636 1.2553
4.0997 0.0161 0.9731 1.2526
4.0997 0.0161 0.9731 1.2525
4.0997 0.0161 0.9963 1.2492
4.0997 0.0161 0.9963 1.2493
4.0997 0.0161 0.9974 1.2486
4.0997 0.0161 1.0547 1.3126
4.0997 0.0161 1.0545 1.3127
4.0997 0.0161 1.0536 1.3133
4.0997 0.0161 1.0536 1.3133
4.0997 0.0161 1.0544 1.3126
4.0997 0.0161 1.0541 1.3128
4.0997 0.0161 1.0657 1.3106
4.0997 0.0161 1.0651 1.3112
4.0997 0.0161 1.0651 1.3112
4.0997 0.0161 1.0422 1.2786
4.0997 0.0161 1.0432 1.2780
4.0997 0.0161 1.0430 1.2781
4.0997 0.0161 1.0438 1.2776
4.0997 0.0161 1.0431 1.2781
4.0997 0.0161 1.0810 1.3098
4.0997 0.0161 1.0810 1.3099
4.0997 0.0161 1.0940 1.3079
4.0997 0.0161 1.0932 1.3085
4.0997 0.0161 1.0933 1.3085
4.0997 0.0161 1.0933 1.3085
4.0997 0.0161 1.0934 1.3084
4.0997 0.0161 1.0807 1.2873
4.0997 0.0161 1.0816 1.2867
4.0997 0.0161 1.0812 1.2869
4.0707 0.0161 1.0416 1.2539
4.0707 0.0161 1.0567 1.2520
4.0707 0.0161 1.0407 1.2533
4.0707 0.0161 1.1183 1.3138
4.0707 0.0161 1.1196 1.3128
4.0707 0.0161 1.1579 1.3422
4.0707 0.0161 1.1815 1.3729
4.0707 0.0161 1.1814 1.3730
4.0707 0.0161 1.1421 1.3457
4.0707 0.0161 1.1693 1.3527
4.0984 0.0161 1.2084 1.3807
4.0984 0.0161 1.1934 1.3841
4.0984 0.0161 1.1935 1.3841
4.0984 0.0161 1.2318 1.4099
4.0984 0.0161 1.2470 1.4073
4.0984 0.0161 1.2595 1.4029
4.0984 0.0161 1.2595 1.4029
4.0984 0.0161 1.2597 1.4028
4.0984 0.0161 1.2607 1.4020
4.0984 0.0161 1.2485 1.4058
4.0984 0.0161 1.2604 1.4022
4.0984 0.0161 1.2757 1.3993
4.0984 0.0161 1.2896 1.3959
4.0984 0.0161 1.2897 1.3958
4.0984 0.0161 1.2913 1.3947
4.0984 0.0161 1.3043 1.3909
4.0984 0.0161 1.2924 1.3949
4.0984 0.0161 1.3311 1.4176
4.0984 0.0161 1.3311 1.4176
4.0984 0.0161 1.3170 1.4214
4.0984 0.0161 1.3161 1.4222
4.0984 0.0161 1.2780 1.3994
4.0984 0.0161 1.2770 1.4002
4.0984 0.0161 1.2780 1.3994
4.0984 0.0161 1.2780 1.3994
4.0984 0.0161 1.2751 1.3938
4.0984 0.0161 1.2737 1.3948
4.0984 0.0161 1.2737 1.3948
4.0984 0.0161 1.3121 1.4182
4.0984 0.0161 1.3120 1.4183
4.0984 0.0161 1.3141 1.4188
4.0984 0.0161 1.3373 1.4445
4.0984 0.0161 1.3373 1.4445
4.0984 0.0161 1.3363 1.4453
4.0984 0.0161 1.3258 1.4486
4.0984 0.0161 1.3171 1.4527
4.0984 0.0161 1.3051 1.4459
4.0984 0.0161 1.3203 1.4426
4.0984 0.1378 1.3223 1.4410
4.0984 0.1378 1.3226 1.4407
4.0984 0.1378 1.3245 1.4393
4.0984 0.1378 1.3244 1.4393
4.0984 0.1378 1.3244 1.4393
4.0984 0.1378 1.3396 1.4358
4.0984 0.1378 1.3170 1.4110
4.0984 0.0923 1.3156 1.4124
4.0984 0.0112 1.3100 1.4126
4.0984 0.0112 1.3328 1.4379
4.0984 0.0112 1.3425 1.4387
4.0984 0.0112 1.3194 1.4130
4.0984 0.0112 1.3202 1.4123
4.0984 0.0112 1.3209 1.4118
4.0984 0.0923 1.3232 1.4098
4.0984 0.0923 1.3387 1.4060
4.0984 0.0923 1.3386 1.4061
4.0984 0.0923 1.3011 1.3822
4.0984 0.0923 1.3395 1.4051
4.0984 0.0923 1.3395 1.4051
4.0984 0.0923 1.3243 1.4087
4.0984 0.0923 1.3629 1.4311
4.0984 0.0923 1.3629 1.4311
4.0984 0.0923 1.3633 1.4308
4.0984 0.0923 1.3660 1.4289
4.0984 0.0923 1.3659 1.4290
4.0984 0.0923 1.3812 1.4248
4.0984 0.0923 1.3964 1.4206
4.0984 0.0923 1.4195 1.4449
4.0984 0.0923 1.4196 1.4449
4.0984 0.0923 1.4187 1.4456
4.0984 0.0923 1.4197 1.4447
4.0984 0.0923 1.4321 1.4493
4.0984 0.0923 1.4483 1.4438
4.0984 0.0923 1.4321 1.4493
4.0984 0.0923 1.4406 1.4448
4.0984 0.0923 1.4476 1.4463
4.0984 0.0923 1.4492 1.4456
4.0984 0.0923 1.4442 1.4454
4.0984 0.0923 1.4282 1.4498
4.0984 0.0923 1.4434 1.4453
4.0984 0.0923 1.4813 1.4630
4.0984 0.0923 1.5194 1.4795
4.0984 0.0923 1.4962 1.4574
4.0984 0.0923 1.5103 1.4524
4.0984 0.0923 1.5328 1.4743
4.0984 0.0923 1.5028 1.4527
4.0984 0.0923 1.5026 1.4529
4.0984 0.0923 1.5027 1.4531
4.0984 0.0923 1.5168 1.4476
4.0984 0.0923 1.5163 1.4493
4.0984 0.0923 1.5165 1.4498
4.0984 0.0923 1.5321 1.4440
4.0984 0.0923 1.5332 1.4439
4.0984 0.0923 1.5329 1.4434
4.0984 0.0923 1.5370 1.4426
4.0984 0.0923 1.5601 1.4402
4.0984 0.0923 1.5601 1.4402
4.0984 0.0923 1.5641 1.4368
4.0984 0.0923 1.5641 1.4368
4.0984 0.0923 1.5719 1.4401
4.0984 0.0923 1.5719 1.4401
4.0984 0.0923 1.5720 1.4401
4.0984 0.0923 1.5688 1.4395
4.1332 0.0923 1.5692 1.4401
4.1332 0.0923 1.5682 1.4410
4.1332 0.0923 1.6054 1.4545
4.1332 0.0923 1.5767 1.4342
4.1332 0.0923 1.5891 1.4375
4.1332 0.0923 1.5900 1.4366
4.1332 0.0923 1.5897 1.4360
4.1332 0.0923 1.6158 1.4575
4.1332 0.0923 1.6258 1.4515
4.1332 0.0923 1.5959 1.4315
4.1332 0.0923 1.6190 1.4520
4.1332 0.0923 1.6216 1.4520
4.1332 0.0923 1.6375 1.4454
4.1332 0.0923 1.6378 1.4452
4.1332 0.0923 1.5900 1.4374
4.1332 0.0923 1.5746 1.4438
4.1332 0.0923 1.5749 1.4443
4.1332 0.0923 1.5596 1.4503
4.1332 0.0923 1.5725 1.4468
4.1332 0.0923 1.5725 1.4468
4.1332 0.0923 1.5693 1.4347
4.1332 0.0923 1.5694 1.4346
4.1332 0.0923 1.5610 1.4399
4.1332 0.0923 1.5861 1.4611
4.1332 0.0923 1.5861 1.4611
4.1332 0.0923 1.5851 1.4620
4.1332 0.0923 1.5854 1.4639
4.1332 0.0923 1.6224 1.4984
4.1332 0.0923 1.6377 1.4919
4.1332 0.0923 1.6398 1.4860
4.1332 0.0923 1.6501 1.4902
4.1332 0.0923 1.6662 1.4832
4.1332 0.0923 1.6665 1.4837
4.1332 0.0923 1.6509 1.4906
4.1332 0.0923 1.6511 1.4904
4.1332 0.0923 1.6205 1.4728
4.1332 0.0923 1.6364 1.4755
4.1332 0.0923 1.6526 1.4678
4.1332 0.0923 1.6919 1.4793
4.1332 0.0923 1.7071 1.4721
4.1332 0.0923 1.7231 1.4645
4.1332 0.0923 1.7529 1.4636
4.1332 0.0923 1.7529 1.4637
4.1332 0.0923 1.7515 1.4539
4.1332 0.0923 1.7375 1.4282
4.1332 0.0923 1.7393 1.4290
4.1332 0.0923 1.7231 1.4379
4.1332 0.0923 1.7661 1.4701
4.1332 0.0923 1.7755 1.4817
4.1332 0.0923 1.7871 1.4749
4.0984 0.0923 1.8254 1.4838
4.0984 0.0923 1.8131 1.4942
4.0984 0.0923 1.8125 1.4942
4.0984 0.0923 1.8067 1.4958
4.0997 0.0923 1.8453 1.5046
4.0997 0.0923 1.8458 1.5054
4.0997 0.0923 1.8252 1.5155
4.0997 0.0923 1.7869 1.5067
4.0997 0.0923 1.7867 1.5065
4.0997 0.0923 1.7867 1.5065
4.0997 0.0923 1.7744 1.5022
4.0997 0.0923 1.7896 1.4942
4.0997 0.0923 1.7923 1.4939
4.0997 0.0923 1.8083 1.4857
4.0997 0.0923 1.8083 1.4857
4.0997 0.0923 1.8086 1.4854
4.0997 0.0923 1.8319 1.5026
4.0997 0.0923 1.8245 1.5081
4.0997 0.0923 1.8199 1.5089
4.0997 0.0923 1.8198 1.5088
4.0997 0.0923 1.8209 1.5088
4.0997 0.0923 1.8209 1.5088
4.0997 0.0923 1.8875 1.5288
4.1189 0.0923 1.8877 1.5291
4.1189 0.0923 1.8748 1.5158
4.1189 0.0923 1.9008 1.5300
4.1189 0.0923 1.9029 1.5277
4.1189 0.0923 1.9273 1.5204
4.1189 0.0923 1.9299 1.5201
4.1189 0.0923 1.9289 1.5212
4.1189 0.0923 1.9738 1.5318
4.1189 0.0923 1.9352 1.5264
4.1189 0.0923 1.9349 1.5272
4.1189 0.0923 1.9494 1.5403
4.1189 0.0923 1.9722 1.5542
4.1189 0.0923 1.9651 1.5567
4.1189 0.0923 1.9658 1.5567
4.1189 0.0923 2.0053 1.5598
4.1189 0.0923 1.9940 1.5488
4.1189 0.0923 2.0167 1.5626
4.1189 0.0923 2.0167 1.5626
4.1189 0.0923 2.0179 1.5612
4.1689 0.0923 2.0195 1.5634
4.1689 0.0923 2.0586 1.5646
4.1329 0.0923 2.0766 1.5754
4.1329 0.0923 2.0995 1.5871
4.1329 0.0923 2.1221 1.5993
4.1329 0.0923 2.0841 1.5985
4.1329 0.0923 2.0921 1.5910
4.1329 0.0923 2.0996 1.5880
4.1329 0.0923 2.0889 1.5975
4.1329 0.0923 2.1041 1.5870
4.1329 0.0923 2.1270 1.5994
4.1329 0.0923 2.1356 1.5915
4.1329 0.0923 2.1479 1.5837
4.1189 0.0923 2.1479 1.5838
4.1189 0.0923 2.1413 1.5610
4.1189 0.0923 2.1544 1.5500
4.1189 0.0923 2.1514 1.5510
4.1189 0.0923 2.1511 1.5506
4.1189 0.0923 2.1030 1.5441
4.1189 0.0923 2.1030 1.5441
4.1189 0.0923 2.1527 1.5548
4.1189 0.0923 2.1826 1.5626
4.1189 0.0923 2.1826 1.5626
4.1189 0.0923 2.2211 1.5616
4.1189 0.0923 2.1983 1.5515
4.1189 0.0923 2.2136 1.5628
4.1189 0.0923 2.2436 1.5697
4.1189 0.0923 2.2341 1.5793
4.1189 0.0923 2.2601 1.5877
4.1189 0.0923 2.2706 1.5879
4.1189 0.0923 2.2706 1.5879
4.1189 0.0923 2.2481 1.5781
4.1189 0.0923 2.2471 1.5794
4.1189 0.0923 2.2630 1.5670
4.1189 0.0923 2.2630 1.5670
4.1189 0.0923 2.2641 1.5665
4.1189 0.0923 2.2248 1.5700
4.1189 0.0923 2.2626 1.5671
4.1189 0.0923 2.2665 1.5651
4.1189 0.0923 2.2764 1.5654
4.1189 0.0923 2.2506 1.5775
4.1189 0.0923 2.2506 1.5775
4.1189 0.0923 2.2376 1.5677
4.1189 0.0923 2.2376 1.5677
4.1189 0.0923 2.2541 1.5552
4.1189 0.0923 2.2710 1.5411
4.1189 0.0923 2.2486 1.5310
4.1189 0.0923 2.2759 1.5212
4.1189 0.0923 2.2631 1.5330
4.1189 0.0923 2.2783 1.5204
4.1189 0.0923 2.2783 1.5204
4.1189 0.0923 2.2789 1.5210
4.1189 0.1378 2.2804 1.5190
4.1189 0.1378 2.2699 1.5190
4.1189 0.1378 2.2706 1.5199
4.1189 0.1378 2.2706 1.5199
4.1189 0.1378 2.2690 1.5204
4.1189 0.1378 2.2535 1.5336
4.1189 0.1378 2.2534 1.5336
4.1189 0.0920 2.2367 1.5479
4.1189 0.0920 2.2525 1.5354
4.1268 0.0920 2.2528 1.5358
4.1268 0.0920 2.2156 1.5363
4.1268 0.0920 2.2160 1.5367
4.1268 0.0920 2.2159 1.5368
4.1268 0.0920 2.2159 1.5368
4.1268 0.0920 2.2253 1.5368
4.1268 0.0920 2.2537 1.5210
4.1268 0.0920 2.2919 1.5178
4.1268 0.0920 2.2775 1.5077
4.1268 0.0920 2.2779 1.5081
4.1268 0.0920 2.2610 1.5225
4.1268 0.0920 2.2704 1.5227
4.1268 0.0920 2.2701 1.5223
4.1268 0.0920 2.2853 1.5095
4.1268 0.0920 2.3014 1.4950
4.1268 0.0920 2.2922 1.4957
4.1268 0.0920 2.3309 1.4923
4.1268 0.0920 2.3537 1.5016
4.1268 0.0920 2.3444 1.5119
4.1268 0.0920 2.3816 1.5081
4.1268 0.0920 2.3812 1.5086
4.1268 0.0920 2.3598 1.4994
4.1268 0.0920 2.3448 1.5122
4.1268 0.0920 2.3458 1.5344
4.1268 0.0920 2.3466 1.5353
4.1268 0.0920 2.3617 1.5213
4.1268 0.0920 2.3614 1.5210
4.1268 0.0920 2.3614 1.5210
4.1268 0.0920 2.3776 1.5057
4.1268 0.0920 2.3392 1.5109
4.1268 0.0920 2.3505 1.5211
4.1268 0.0920 2.3875 1.5143
4.1268 0.0920 2.3622 1.5070
4.1268 0.0920 2.3614 1.5070
4.1268 0.0920 2.3375 1.5214
4.1268 0.0920 2.3604 1.5298
4.1268 0.0920 2.3833 1.5062
4.1268 0.0920 2.3833 1.5062
4.1268 0.0920 2.4229 1.4987
4.1268 0.0920 2.4229 1.4987
4.1268 0.0920 2.4233 1.4991
4.1268 0.0920 2.4108 1.4989
4.1268 0.0920 2.4108 1.4989
4.1268 0.0920 2.4488 1.4915
4.1268 0.0920 2.4586 1.4984
4.1268 0.0920 2.4490 1.4910
4.1268 0.0920 2.4656 1.4751
4.1268 0.0920 2.4656 1.4751
4.1268 0.0920 2.4648 1.4752
4.1268 0.0920 2.4880 1.4820
4.1268 0.0920 2.5000 1.4809
4.1268 0.0920 2.5133 1.4893
4.1268 0.0920 2.5096 1.4916
4.1268 0.0920 2.5096 1.4916
4.1268 0.0920 2.5096 1.4916
4.1268 0.0920 2.5099 1.4911
4.1268 0.0920 2.5321 1.4976
4.1268 0.0920 2.5195 1.5114
4.1268 0.0920 2.5463 1.5148
4.1268 0.0920 2.5847 1.5044
4.1268 0.1378 2.6015 1.4857
4.1268 0.1378 2.5629 1.4972
4.1268 0.1378 2.6022 1.4846
4.1268 0.1378 2.6613 1.4841
4.1268 0.1378 2.6457 1.5015
4.1268 0.1378 2.6463 1.5020
4.1268 0.1378 2.6082 1.5137
4.1268 0.1378 2.6228 1.4977
4.1268 0.1378 2.6271 1.4948
4.1268 0.1378 2.6495 1.4994
4.1268 0.1378 2.6503 1.5001
4.1268 0.1378 2.6509 1.4998
4.1268 0.1378 2.6350 1.5170
4.1268 0.1378 2.5979 1.5279
4.1268 0.1378 2.6211 1.5326
4.1268 0.1378 2.5947 1.5523
4.1268 0.1378 2.5955 1.5519
4.1268 0.1378 2.6326 1.5299
4.1268 0.1378 2.6222 1.5322
4.1268 0.1378 2.6224 1.5324
4.1268 0.1378 2.5922 1.5332
4.1268 0.1378 2.6147 1.5383
4.1268 0.1378 2.5766 1.5495
4.1268 0.1378 2.6150 1.5378
4.1268 0.1378 2.6385 1.5407
4.1268 0.1378 2.6385 1.5407
4.1268 0.1378 2.6391 1.5404
4.1268 0.1378 2.6510 1.5263
4.1268 0.1378 2.6347 1.5432
4.1268 0.1378 2.6355 1.5428
4.1268 0.1378 2.5971 1.5542
4.1268 0.1378 2.5970 1.5541
4.1268 0.1378 2.5973 1.5537
4.1268 0.1378 2.5976 1.5540
4.1268 0.1378 2.5748 1.5493
4.1268 0.1378 2.5750 1.5495
4.1268 0.1378 2.5630 1.5512
4.1268 0.1378 2.5782 1.5357
4.1268 0.1378 2.5779 1.5361
4.1268 0.1378 2.5904 1.5222
4.1268 0.1378 2.6274 1.5139
4.1268 0.1378 2.6506 1.5180
4.1268 0.1378 2.6652 1.5324
4.1268 0.1378 2.6652 1.5324
4.1268 0.1378 2.6524 1.5475
4.1268 0.1378 2.6761 1.5518
4.1268 0.1378 2.7143 1.5378
4.1268 0.1378 2.6855 1.5411
4.1268 0.1378 2.6851 1.5420
4.1268 0.1378 2.6851 1.5420
4.1268 0.1378 2.6699 1.5585
4.1268 0.1378 2.6490 1.5543
4.1268 0.1378 2.6640 1.5607
4.1268 0.1378 2.6489 1.5766
4.1268 0.1378 2.6489 1.5767
4.1268 0.1378 2.6492 1.5769
4.1268 0.1378 2.6493 1.5769
4.1268 0.1378 2.6722 1.5804
4.1268 0.1378 2.6826 1.5778
4.1268 0.1378 2.7058 1.5810
4.1268 0.1378 2.7057 1.5810
4.1268 0.1378 2.7067 1.5794
4.1268 0.1378 2.7267 1.5844
4.1268 0.1378 2.7500 1.5870
4.1268 0.1378 2.7177 1.5873
4.1268 0.1378 2.7173 1.5875
4.1268 0.1378 2.7176 1.5877
4.1268 0.1378 2.7410 1.5907
4.1268 0.1378 2.7277 1.5850
4.1268 0.1378 2.7270 1.5848
4.1268 0.1378 2.7504 1.5876
4.1268 0.1378 2.7381 1.6031
4.1268 0.1378 2.7778 1.5872
4.1268 0.1378 2.7551 1.5845
4.1268 0.1378 2.7554 1.5848
4.1268 0.1378 2.7449 1.5879
4.1268 0.1378 2.7324 1.6026
4.1268 0.1378 2.6935 1.6155
4.1268 0.1378 2.6547 1.6274
4.1268 0.1378 2.5795 1.6476
4.1268 0.1378 2.6235 1.6539
4.1268 0.1378 2.6626 1.6408
4.1268 0.1378 2.6628 1.6410
4.1268 0.1378 2.6294 1.6454
4.1268 0.1378 2.6524 1.6500
4.1268 0.1378 2.6135 1.6628
4.1268 0.1378 2.6247 1.6505
4.1268 0.1378 2.6481 1.6547
4.1268 0.1378 2.6868 1.6431
4.1268 0.1378 2.6869 1.6430
4.1268 0.1378 2.7255 1.6295
4.1268 0.1378 2.7253 1.6293
4.1317 0.1378 2.7130 1.6239
4.1317 0.1378 2.7130 1.6239
4.1317 0.1378 2.6971 1.6402
4.1317 0.1378 2.7352 1.6268
4.1317 0.1378 2.7734 1.6124
4.1317 0.1378 2.7748 1.6127
4.1317 0.1378 2.7751 1.6130
4.1317 0.1378 2.7748 1.6127
4.1317 0.1378 2.7976 1.6143
4.1317 0.1378 2.8135 1.5968
4.1317 0.1378 2.8135 1.5968
4.1317 0.1378 2.8369 1.5983
4.1317 0.1378 2.8748 1.5813
4.1317 0.1378 2.8738 1.5805
4.1317 0.1378 2.9122 1.5626
4.1317 0.1378 2.8987 1.5686
4.1317 0.1378 2.9025 1.5651
4.1317 0.1378 2.9027 1.5652
4.1317 0.1378 2.9021 1.5648
4.1317 0.1378 2.9405 1.5460
4.1189 0.1378 2.9535 1.5175
4.1189 0.1378 2.9600 1.5213
4.1189 0.1378 2.9599 1.5214
4.1189 0.1378 2.9482 1.5378
4.1189 0.1378 2.9866 1.5166
4.1189 0.1378 3.0097 1.5164
4.1189 0.1378 3.0324 1.5152
4.1189 0.1378 3.0063 1.5201
4.1189 0.1378 2.9673 1.5413
4.1189 0.1378 2.9671 1.5411
4.1189 0.1378 2.9670 1.5411
4.1189 0.1378 2.9670 1.5411
4.1189 0.1378 3.0059 1.5206
4.1189 0.1378 3.0059 1.5206
4.1189 0.1378 3.0059 1.5206
4.1189 0.1378 3.0439 1.4982
4.1189 0.1378 3.0439 1.4982
4.1189 0.1378 3.0832 1.4728
4.1189 0.1378 3.0827 1.4725
4.1189 0.1378 3.0827 1.4725
4.1189 0.1378 3.0832 1.4728
4.1189 0.1378 3.0832 1.4728
4.1189 0.1378 3.0827 1.4725
4.1189 0.1378 3.0668 1.4944
4.1189 0.1378 3.0668 1.4944
4.1189 0.1378 3.0676 1.4950
4.1189 0.1378 3.1065 1.4704
4.1189 0.1378 3.1355 1.4541
4.1189 0.1378 3.1524 1.4288
4.1189 0.1342 3.1353 1.4538
4.1189 0.1342 3.1738 1.4273
4.1189 0.1342 3.1667 1.4359
4.1189 0.1342 3.1664 1.4358
4.1189 0.1342 3.1271 1.4640
4.1189 0.1342 3.1273 1.4642
4.1189 0.1342 3.1059 1.4675
4.1189 0.1342 3.1059 1.4675
4.1189 0.1342 3.1065 1.4679
4.1189 0.1342 3.1456 1.4401
4.1189 0.1342 3.1453 1.4399
4.1189 0.1342 3.1057 1.4673
4.1189 0.1342 3.1061 1.4676
4.1189 0.1342 3.1176 1.4495
4.1189 0.1342 3.1214 1.4455
4.1189 0.1342 3.1216 1.4457
4.1189 0.1342 3.1312 1.4488
4.1189 0.1342 3.1232 1.4455
4.1189 0.1342 3.1357 1.4482
4.1189 0.1342 3.1354 1.4480
4.1189 0.1342 3.1195 1.4708
4.1189 0.1342 3.1593 1.4432
4.1189 0.1342 3.1748 1.4334
4.1189 0.1342 3.2118 1.4076
4.1189 0.1342 3.1344 1.4617
4.1189 0.1342 3.1342 1.4615
4.1189 0.1342 3.0949 1.4885
4.1189 0.1342 3.0949 1.4885
4.1189 0.1342 3.0945 1.4882
4.1189 0.1342 3.0949 1.4885
4.1189 0.1342 3.1210 1.4603
4.1189 0.1342 3.1601 1.4320
4.1189 0.1342 3.1606 1.4323
4.1189 0.1342 3.1603 1.4321
4.1189 0.1342 3.1825 1.4284
4.1189 0.1318 3.1819 1.4300
4.1189 0.1318 3.1449 1.4443
4.1189 0.1318 3.1455 1.4446
4.1189 0.1342 3.1849 1.4153
4.1264 0.1342 3.2250 1.3850
4.1264 0.1342 3.2254 1.3853
4.1264 0.1342 3.1874 1.4119
4.1264 0.1342 3.2139 1.4035
4.1264 0.1342 3.2242 1.4060
4.1264 0.1342 3.2186 1.4128
4.1264 0.1342 3.2177 1.4148
4.1264 0.1342 3.2480 1.4005
4.1264 0.1342 3.2480 1.4005
4.1264 0.1342 3.2481 1.4005
4.1264 0.1342 3.2480 1.4005
4.1264 0.1342 3.2353 1.3985
4.1264 0.1342 3.1967 1.4280
4.1264 0.1342 3.1966 1.4280
4.1264 0.1329 3.1575 1.4575
4.1264 0.1329 3.1191 1.4831
4.1264 0.1329 3.1191 1.4831
4.1264 0.1329 3.1192 1.4830
4.1264 0.1329 3.1192 1.4830
4.1264 0.1329 3.1034 1.5050
4.1264 0.1329 3.1034 1.5051
4.1264 0.1329 3.1034 1.5051
4.1264 0.1329 3.1034 1.5051
4.1264 0.1329 3.0646 1.5283
4.1264 0.1329 3.0656 1.5264
4.1264 0.1329 3.0655 1.5264
4.1264 0.1329 3.0655 1.5264
4.1264 0.1329 3.1297 1.4960
4.1264 0.1342 3.1039 1.5230
4.1264 0.1342 3.1266 1.5208
4.1264 0.1342 3.1040 1.5343
4.1264 0.1342 3.1040 1.5343
4.1264 0.1342 3.0647 1.5592
4.1264 0.1342 3.0649 1.5593
4.1264 0.1342 3.0640 1.5610
4.1264 0.1342 3.0348 1.5681
4.1264 0.1342 3.0351 1.5684
4.1264 0.1342 2.9964 1.5898
4.1264 0.1342 2.9963 1.5897
4.1264 0.1342 2.9966 1.5899
4.1264 0.1342 2.9751 1.5905
4.1264 0.1342 2.9756 1.5909
4.1264 0.1342 2.9632 1.5872
4.1264 0.1342 2.9635 1.5874
4.1264 0.1342 2.9638 1.5876
4.1264 0.1342 2.9622 1.5898
4.1264 0.1342 3.0012 1.5677
4.1264 0.1342 3.0145 1.5718
4.1264 0.1342 3.0248 1.5753
4.1264 0.1342 3.0547 1.5664
4.1264 0.1342 3.0547 1.5664
4.1264 0.1342 3.0942 1.5420
4.1264 0.1342 3.1243 1.5315
4.1264 0.1378 3.0961 1.5379
4.1264 0.1378 3.1346 1.5138
4.1264 0.1378 3.1341 1.5145
4.1264 0.1378 3.1727 1.4893
4.1264 0.1308 3.1715 1.4916
4.1264 0.1308 3.1715 1.4916
4.1264 0.1308 3.2086 1.4665
4.1264 0.1308 3.2209 1.4682
4.1264 0.1308 3.2209 1.4682
4.1264 0.1308 3.2209 1.4682
4.1264 0.1308 3.2209 1.4682
4.1264 0.1308 3.2212 1.4684
4.1264 0.1308 3.2318 1.4709
4.1264 0.1308 3.2318 1.4709
4.1264 0.1308 3.2318 1.4709
4.1264 0.1308 3.2317 1.4709
4.1264 0.1308 3.2312 1.4705
4.1264 0.1308 3.1928 1.4987
4.1264 0.1308 3.2055 1.5009
4.1264 0.1308 3.2057 1.5010
4.1264 0.1308 3.2059 1.5011
4.1264 0.1308 3.2434 1.4759
4.1264 0.1308 3.2821 1.4462
4.1264 0.1308 3.2705 1.4447
4.1264 0.1308 3.3094 1.4145
4.1264 0.1308 3.3094 1.4145
4.1264 0.1308 3.3488 1.3801
4.1264 0.1308 3.3488 1.3801
4.1264 0.1308 3.3488 1.3801
4.1264 0.1308 3.3719 1.3726
4.1264 0.1308 3.4100 1.3375
4.1264 0.1308 3.4101 1.3376
4.1264 0.1308 3.4104 1.3377
4.1264 0.1308 3.3721 1.3727
4.1264 0.1308 3.3724 1.3729
4.1264 0.1308 3.3958 1.3651
4.1264 0.1308 3.4341 1.3294
4.1264 0.1308 3.4456 1.3064
4.1264 0.1308 3.4410 1.3050
4.1264 0.1308 3.4623 1.2965
4.1264 0.1308 3.4623 1.2965
4.1264 0.1308 3.5019 1.2541
4.1264 0.1308 3.5021 1.2542
4.1264 0.1308 3.5024 1.2543
4.1264 0.1308 3.5258 1.2434
4.1264 0.1308 3.5258 1.2434
4.1264 0.1308 3.5261 1.2428
4.1264 0.1308 3.5260 1.2427
4.1264 0.1308 3.4996 1.2836
4.1264 0.1308 3.4992 1.2835
4.1264 0.1308 3.4769 1.2922
4.1264 0.1308 3.4545 1.3011
4.1264 0.1308 3.4154 1.3399
4.1264 0.1308 3.4156 1.3400
4.1264 0.1308 3.4553 1.3005
4.1264 0.1308 3.4939 1.2611
4.1264 0.1308 3.4939 1.2611
4.1264 0.1308 3.4942 1.2612
4.1264 0.1308 3.4948 1.2615
4.1264 0.1308 3.5106 1.2301
4.1264 0.1308 3.5106 1.2301
4.1264 0.1308 3.5101 1.2298
4.1264 0.1308 3.5101 1.2298
4.1264 0.1308 3.5099 1.2297
4.1264 0.1308 3.4713 1.2706
4.1264 0.1308 3.4318 1.3115
4.1264 0.1308 3.3931 1.3476
4.1264 0.1308 3.4154 1.3401
4.1264 0.1308 3.4154 1.3401
4.1264 0.1308 3.4546 1.3004
4.1264 0.1308 3.4386 1.3296
4.1264 0.1308 3.4394 1.3300
4.1264 0.1308 3.4777 1.2918
4.1264 0.1308 3.4391 1.3298
4.1264 0.1308 3.4389 1.3297
4.1264 0.1308 3.4005 1.3657
4.1264 0.1308 3.3610 1.4017
4.1264 0.1378 3.3611 1.4014
4.1264 0.1378 3.3513 1.4202
4.1264 0.1378 3.3119 1.4537
4.1264 0.1378 3.3119 1.4537
4.1264 0.1378 3.2731 1.4840
4.1264 0.1378 3.3120 1.4520
4.1264 0.1378 3.3347 1.4464
4.1264 0.1378 3.3347 1.4464
4.1264 0.1378 3.3116 1.4529
4.1264 0.1378 3.3512 1.4195
4.1264 0.1378 3.3211 1.4352
4.1264 0.1378 3.2987 1.4408
4.1264 0.1378 3.2987 1.4408
4.1264 0.1378 3.3374 1.4088
4.1264 0.1378 3.2988 1.4400
4.1264 0.1378 3.2988 1.4400
4.1264 0.1378 3.2988 1.4400
4.1264 0.1378 3.2866 1.4383
4.1264 0.1378 3.2867 1.4383
4.1264 0.1378 3.2865 1.4382
4.1264 0.1378 3.3245 1.4062
4.1264 0.1378 3.3248 1.4063
4.1264 0.1378 3.3377 1.4077
4.1264 0.1378 3.3149 1.4146
4.1264 0.1378 3.2766 1.4452
4.1264 0.1378 3.2763 1.4451
4.1264 0.1378 3.2987 1.4404
4.1264 0.1378 3.2981 1.4400
4.1264 0.1378 3.2596 1.4696
4.1264 0.1378 3.2598 1.4698
4.1264 0.1378 3.2212 1.4976
4.1264 0.1378 3.2599 1.4697
4.1264 0.1378 3.2593 1.4694
4.1264 0.1378 3.2202 1.4997
4.1264 0.1378 3.2431 1.4946
4.1264 0.1378 3.2434 1.4948
4.1264 0.1378 3.2434 1.4948
4.1264 0.1378 3.2437 1.4950
4.1264 0.1378 3.2353 1.5095
4.1264 0.1378 3.2736 1.4813
4.1264 0.1378 3.2438 1.4955
4.1264 0.1378 3.2435 1.4953
4.1264 0.1378 3.2219 1.4939
4.1264 0.1378 3.2135 1.5083
4.1264 0.1378 3.2138 1.5085
4.1264 0.1378 3.2523 1.4809
4.1264 0.1378 3.2430 1.4974
4.1264 0.1378 3.2732 1.4835
4.1264 0.1378 3.2732 1.4835
4.1264 0.1378 3.2737 1.4837
4.1264 0.1378 3.2360 1.5098
4.1264 0.1378 3.2360 1.5098
4.1264 0.1378 3.2744 1.4816
4.1264 0.1378 3.2355 1.5095
4.1264 0.1378 3.2352 1.5094
4.1264 0.1378 3.2739 1.4813
4.1264 0.1378 3.2741 1.4814
4.1264 0.1378 3.2741 1.4814
4.1264 0.1378 3.2739 1.4813
4.1264 0.1378 3.2739 1.4813
4.1264 0.1378 3.2291 1.4893
4.1264 0.1378 3.2291 1.4893
4.1264 0.1378 3.2291 1.4893
4.1738 0.1378 3.2298 1.4898
4.1738 0.1378 3.2298 1.4898
4.1738 0.1378 3.2534 1.4850
4.1738 0.1378 3.2693 1.4610
4.1738 0.1378 3.2693 1.4610
4.1738 0.1378 3.2695 1.4611
4.1738 0.1378 3.3086 1.4306
4.1738 0.1378 3.3468 1.3991
4.1738 0.1378 3.3468 1.3991
4.2246 0.1378 3.3473 1.3994
4.2246 0.1378 3.3087 1.4310
4.2246 0.1378 3.2860 1.4363
4.2246 0.1378 3.2473 1.4663
4.2246 0.1378 3.2242 1.4714
4.2246 0.1378 3.2239 1.4712
4.2246 0.1378 3.2399 1.4472
4.2246 0.1378 3.2405 1.4475
4.2246 0.1378 3.2408 1.4477
4.2246 0.1378 3.2405 1.4475
4.2246 0.1378 3.2034 1.4739
4.2246 0.1378 3.2203 1.4481
4.2246 0.1378 3.1810 1.4776
4.2246 0.1378 3.1583 1.4806
4.2246 0.1378 3.1960 1.4535
4.2246 0.1378 3.1655 1.4662
4.2246 0.1378 3.1658 1.4663
4.2246 0.1378 3.1655 1.4662
4.2375 0.1378 3.1665 1.4669
4.2375 0.1378 3.1675 1.4648
4.2375 0.1378 3.1980 1.4505
4.2375 0.1378 3.2468 1.4377
4.2375 0.1378 3.2295 1.4643
4.2375 0.1378 3.2295 1.4643
4.2375 0.1378 3.2298 1.4645
4.2375 0.1378 3.2298 1.4645
4.2375 0.1378 3.2301 1.4647
4.2375 0.1378 3.2234 1.4451
4.2375 0.1378 3.2235 1.4451
4.2375 0.1378 3.2240 1.4454
4.2375 0.1378 3.2638 1.4144
4.2375 0.1378 3.2635 1.4142
4.2375 0.1378 3.2635 1.4142
4.1738 0.1378 3.2375 1.4091
4.1738 0.1378 3.2375 1.4090
4.1738 0.1378 3.2375 1.4090
4.1738 0.1378 3.2494 1.4110
4.1738 0.1378 3.2763 1.4016
4.1738 0.1378 3.2544 1.4061
4.1738 0.1378 3.2544 1.4061
4.1738 0.1378 3.2922 1.3777
4.1738 0.1378 3.2634 1.3909
4.1738 0.1378 3.2629 1.3906
4.1738 0.1378 3.2505 1.3891
4.1738 0.1378 3.2505 1.3891
4.1738 0.1378 3.2505 1.3891
4.1738 0.1378 3.2506 1.3890
4.1738 0.1378 3.2338 1.4162
4.1738 0.1378 3.2338 1.4162
4.1738 0.1378 3.2341 1.4164
4.1738 0.1378 3.2337 1.4162
4.1738 0.1378 3.2330 1.4176
4.1738 0.1378 3.2061 1.4271
4.1738 0.1378 3.2457 1.3960
4.1738 0.1378 3.2841 1.3652
4.1738 0.1378 3.2832 1.3672
