0.0332 0.0001 0.0077 0.0096
0.0332 0.0005 0.0161 0.0134
0.0332 0.0001 0.0246 0.0109
0.0332 0.0001 0.0252 0.0107
0.0332 0.0001 0.0275 0.0083
0.0332 0.0007 0.0281 0.0083
0.0333 0.0001 0.0282 0.0082
0.0333 0.0003 0.0303 0.0055
0.0333 0.0090 0.0312 0.0037
0.0333 0.0185 0.0319 0.0024
0.0333 0.0038 0.0308 0.0047
0.0333 0.0006 0.0306 0.0056
0.0333 0.0032 0.0307 0.0053
0.0333 0.0049 0.0312 0.0039
0.0333 0.0038 0.0307 0.0051
0.0334 0.0038 0.0315 0.0042
0.0334 0.0093 0.0313 0.0043
0.0334 0.0076 0.0309 0.0049
0.0334 0.0093 0.0312 0.0041
0.0334 0.0038 0.0308 0.0050
0.0334 0.0011 0.0300 0.0067
0.0334 0.0022 0.0313 0.0051
0.0334 0.0245 0.0324 0.0017
0.0334 0.0038 0.0317 0.0042
0.0334 0.0038 0.0315 0.0041
0.0334 0.0062 0.0317 0.0044
0.0334 0.0038 0.0315 0.0048
0.0334 0.0038 0.0312 0.0054
0.0334 0.0127 0.0321 0.0028
0.0334 0.0038 0.0318 0.0038
0.0334 0.0184 0.0322 0.0021
0.0334 0.0178 0.0325 0.0019
0.0334 0.0126 0.0322 0.0028
0.0334 0.0038 0.0316 0.0038
0.0334 0.0092 0.0320 0.0028
0.0334 0.0230 0.0322 0.0018
0.0334 0.0185 0.0319 0.0025
0.0334 0.0262 0.0323 0.0015
0.0334 0.0038 0.0321 0.0031
0.0334 0.0038 0.0319 0.0034
0.0334 0.0115 0.0315 0.0033
0.0334 0.0038 0.0319 0.0032
0.0334 0.0162 0.0320 0.0026
0.0334 0.0038 0.0316 0.0041
0.0334 0.0178 0.0324 0.0019
0.0334 0.0038 0.0318 0.0042
0.0334 0.0231 0.0325 0.0013
0.0334 0.0207 0.0325 0.0015
0.0334 0.0184 0.0325 0.0017
0.0334 0.0174 0.0323 0.0024
0.0334 0.0207 0.0326 0.0016
0.0334 0.0207 0.0324 0.0020
0.0334 0.0038 0.0319 0.0037
0.0334 0.0185 0.0320 0.0027
0.0334 0.0172 0.0319 0.0034
0.0334 0.0184 0.0322 0.0026
0.0334 0.0184 0.0320 0.0027
0.0334 0.0184 0.0324 0.0018
0.0334 0.0038 0.0319 0.0045
0.0334 0.0185 0.0325 0.0020
0.0334 0.0097 0.0324 0.0030
0.0334 0.0254 0.0328 0.0008
0.0334 0.0038 0.0322 0.0034
0.0334 0.0184 0.0320 0.0030
0.0334 0.0038 0.0314 0.0050
0.0334 0.0184 0.0317 0.0032
0.0334 0.0033 0.0315 0.0042
0.0334 0.0038 0.0314 0.0042
0.0334 0.0160 0.0315 0.0040
0.0334 0.0038 0.0318 0.0041
0.0334 0.0175 0.0320 0.0030
0.0334 0.0038 0.0314 0.0044
0.0334 0.0038 0.0315 0.0054
0.0334 0.0170 0.0324 0.0025
0.0334 0.0038 0.0323 0.0034
0.0334 0.0231 0.0327 0.0012
0.0334 0.0038 0.0326 0.0029
0.0334 0.0038 0.0320 0.0044
0.0334 0.0254 0.0327 0.0008
0.0334 0.0038 0.0319 0.0046
0.0334 0.0038 0.0322 0.0036
0.0334 0.0174 0.0323 0.0025
0.0334 0.0174 0.0325 0.0020
0.0334 0.0038 0.0321 0.0037
0.0334 0.0154 0.0324 0.0021
0.0334 0.0136 0.0322 0.0028
0.0334 0.0136 0.0324 0.0022
0.0334 0.0136 0.0321 0.0032
0.0334 0.0175 0.0324 0.0022
0.0334 0.0038 0.0323 0.0030
0.0334 0.0184 0.0325 0.0016
0.0334 0.0184 0.0325 0.0017
0.0334 0.0038 0.0318 0.0051
0.0334 0.0038 0.0320 0.0043
0.0334 0.0322 0.0328 0.0003
0.0334 0.0184 0.0324 0.0022
0.0334 0.0038 0.0324 0.0030
0.0334 0.0217 0.0325 0.0017
0.0334 0.0115 0.0325 0.0026
0.0334 0.0170 0.0321 0.0027
