3.1202 0.0016 0.6326 0.7714
3.1393 0.0545 1.4048 1.0544
3.2949 0.0459 1.9340 0.9816
3.2949 0.0947 2.3763 0.8251
3.3193 0.2297 2.7424 0.5996
3.3203 1.4532 2.9179 0.3770
3.3203 1.7434 2.9700 0.2586
3.3203 0.2297 2.9394 0.3745
3.3203 1.5090 2.9405 0.2909
3.3548 0.2297 2.9325 0.4021
3.3548 1.9555 2.9891 0.2272
3.3548 0.2297 2.9551 0.3885
3.3548 0.2070 2.9691 0.3554
3.3548 1.5415 3.0093 0.1765
3.3548 2.3676 3.0406 0.1134
3.3548 0.2297 3.0127 0.3130
3.3548 2.8709 3.0500 0.0843
3.3548 0.2297 3.0047 0.3116
3.3548 1.6857 3.0277 0.1684
3.3548 0.0455 2.9447 0.4234
3.3791 1.9936 3.0237 0.1436
3.3791 2.7298 3.0385 0.1089
3.3791 2.7264 3.0495 0.1133
3.3791 0.1299 3.0138 0.3323
3.3791 2.7230 3.0531 0.1205
3.3791 2.7230 3.0725 0.1245
3.3791 2.7170 3.0743 0.1502
3.3791 2.7230 3.0670 0.1478
3.3791 2.7264 3.0869 0.1324
3.3791 1.0584 3.0595 0.3065
3.3791 1.9205 3.0743 0.1633
3.3791 1.0851 3.0484 0.2888
3.3791 1.1204 3.0565 0.2666
3.3791 1.0269 3.0414 0.2904
3.3802 1.0269 3.0242 0.3514
3.3802 1.7439 3.0665 0.2448
3.3963 1.7439 3.0702 0.2636
3.3963 1.9163 3.1145 0.1984
3.3963 2.5344 3.1255 0.1385
3.3998 2.8603 3.1469 0.1289
3.4088 1.9555 3.1313 0.1806
3.4088 0.5983 3.0859 0.3320
3.4088 1.7657 3.1117 0.2000
3.4088 2.4171 3.1133 0.1559
3.4088 2.6979 3.1376 0.1408
3.4088 1.9555 3.1236 0.1826
3.4088 0.5535 3.1176 0.3015
3.4088 0.4746 3.1368 0.3264
3.4088 1.7602 3.1621 0.2096
3.4088 2.7019 3.1956 0.1376
3.4088 2.7490 3.2118 0.1277
3.4088 2.9745 3.2209 0.1139
3.4088 3.0182 3.2433 0.1021
3.4088 2.7019 3.2323 0.1205
3.4088 0.5871 3.1838 0.3334
3.4220 2.4583 3.2254 0.1580
3.4305 1.0790 3.1938 0.3389
3.4305 1.4874 3.2295 0.2612
3.4305 0.5776 3.1878 0.3690
3.4305 0.2297 3.1919 0.4316
3.4305 0.4870 3.2137 0.3753
3.4487 2.9493 3.2814 0.1132
3.4487 2.9914 3.2757 0.1026
3.4487 1.5715 3.2670 0.1931
3.4487 2.8985 3.2825 0.1001
3.4487 2.8985 3.3021 0.0933
3.4487 3.0383 3.3191 0.0801
3.4487 2.7019 3.3142 0.1085
3.4487 1.0275 3.2817 0.2592
3.4487 2.9129 3.3014 0.1069
3.4487 0.2297 3.2392 0.4661
3.4487 1.7284 3.2653 0.2909
3.4487 0.2297 3.2316 0.4861
3.4954 0.5021 3.2643 0.4219
3.4954 1.2893 3.3076 0.2672
3.4954 1.8020 3.3167 0.1825
3.4954 2.8710 3.3353 0.1071
3.4954 1.7602 3.2934 0.2486
3.5110 1.7284 3.2767 0.2843
3.5110 0.2297 3.2311 0.4251
3.5110 1.7602 3.2696 0.2675
3.5110 1.7284 3.2606 0.3221
3.5110 1.7839 3.2866 0.2847
3.5110 0.3329 3.2786 0.3878
3.5110 0.2297 3.2569 0.4174
3.5110 1.5498 3.2792 0.3425
3.5110 1.9707 3.3137 0.2278
3.5110 1.3359 3.2674 0.3866
3.5110 1.7147 3.2788 0.3089
3.5110 1.7147 3.2971 0.3002
3.5110 1.9732 3.3434 0.1915
3.5110 1.7546 3.3330 0.2226
3.5110 2.9133 3.3836 0.1118
3.5110 1.2574 3.2980 0.3710
3.5110 1.7071 3.3177 0.3164
3.5110 1.7284 3.3198 0.3123
3.5110 2.0712 3.3491 0.2138
3.5110 1.7432 3.3177 0.2597
3.5110 1.7183 3.2895 0.3354
3.5110 2.0712 3.3288 0.2318
