0.6452 0.0001 0.0286 0.0707
0.6846 0.0002 0.1762 0.2538
0.7020 0.0001 0.4799 0.2363
0.7318 0.0047 0.5381 0.1964
0.7318 0.0077 0.5650 0.1847
0.8029 0.0020 0.5533 0.2045
0.8029 0.0077 0.5936 0.1643
0.8029 0.0063 0.5900 0.1464
0.8029 0.0017 0.6023 0.1509
0.8029 0.0077 0.6011 0.1615
0.8029 0.0077 0.5940 0.1664
0.8029 0.0077 0.5971 0.1705
0.8029 0.0005 0.5897 0.1711
0.8750 0.0053 0.5770 0.1924
0.8956 0.0208 0.6186 0.1643
0.8956 0.0077 0.6007 0.2028
0.8956 0.0057 0.5877 0.2136
0.8956 0.0077 0.5999 0.1949
0.8956 0.0004 0.5964 0.1995
0.8956 0.0077 0.6088 0.2067
0.8956 0.0077 0.6106 0.2102
0.8956 0.0077 0.6401 0.1906
0.8956 0.0004 0.6311 0.2217
0.8956 0.0004 0.6516 0.2137
0.8991 0.0005 0.6408 0.2235
0.8991 0.0295 0.6993 0.1529
0.8991 0.0049 0.7239 0.1416
0.9183 0.0363 0.7378 0.1688
0.9183 0.0005 0.7582 0.1662
0.9183 0.0321 0.7820 0.1485
0.9183 0.0004 0.7400 0.2115
0.9183 0.6412 0.8042 0.0840
0.9183 0.0208 0.7930 0.1550
0.9183 0.0005 0.7752 0.1750
0.9183 0.0584 0.8017 0.1308
0.9183 0.0004 0.8193 0.1161
0.9183 0.0320 0.8360 0.1078
0.9183 0.0628 0.8229 0.1391
0.9183 0.1250 0.8374 0.0942
0.9196 0.6754 0.8504 0.0602
0.9196 0.6659 0.8540 0.0595
0.9196 0.1935 0.8548 0.0844
0.9196 0.0004 0.8579 0.0992
0.9196 0.0332 0.8588 0.0969
0.9196 0.0004 0.8541 0.1015
0.9196 0.0208 0.8454 0.1433
0.9196 0.0017 0.8754 0.0935
0.9196 0.0053 0.8647 0.0951
0.9196 0.0005 0.8430 0.1678
0.9196 0.0336 0.8650 0.0919
0.9269 0.0864 0.8540 0.1193
0.9269 0.0004 0.8277 0.1860
0.9269 0.0895 0.8579 0.0887
0.9269 0.0017 0.8372 0.1490
0.9269 0.7122 0.8615 0.0447
0.9269 0.0208 0.8390 0.1369
0.9269 0.0004 0.8397 0.1345
0.9269 0.0005 0.8191 0.1866
0.9346 0.0005 0.8524 0.0981
0.9346 0.0004 0.8294 0.1679
0.9346 0.0552 0.8460 0.1007
0.9346 0.5154 0.8531 0.0693
0.9346 0.0017 0.8284 0.1450
0.9346 0.1271 0.8593 0.0834
0.9346 0.0208 0.8486 0.1164
0.9346 0.0005 0.8520 0.0995
0.9346 0.5039 0.8534 0.0677
0.9346 0.0053 0.8360 0.1538
0.9346 0.5211 0.8553 0.0572
0.9346 0.0591 0.8329 0.1464
0.9346 0.0028 0.8261 0.1638
0.9346 0.0441 0.8206 0.1757
0.9346 0.0542 0.8154 0.1853
0.9346 0.0299 0.8477 0.1035
0.9346 0.0004 0.8200 0.1719
0.9346 0.4713 0.8483 0.0788
0.9346 0.1094 0.8538 0.0960
0.9346 0.0208 0.8462 0.1305
0.9359 0.0017 0.8520 0.1359
0.9359 0.0053 0.8690 0.0987
0.9359 0.0467 0.8535 0.1317
0.9359 0.0053 0.8542 0.1489
0.9359 0.4601 0.8700 0.0761
0.9359 0.0053 0.8496 0.1594
0.9359 0.0039 0.8452 0.1785
0.9359 0.0053 0.8645 0.1470
0.9359 0.0017 0.8755 0.0982
0.9359 0.0671 0.8628 0.1208
0.9359 0.0583 0.8582 0.1071
0.9359 0.0005 0.8381 0.1638
0.9359 0.4267 0.8745 0.0663
0.9359 0.0004 0.8564 0.1375
0.9359 0.0017 0.8497 0.1330
0.9359 0.0053 0.8527 0.1463
0.9359 0.0053 0.8577 0.1295
0.9359 0.3104 0.8650 0.0966
0.9359 0.0005 0.8227 0.2092
0.9359 0.6957 0.8844 0.0455
0.9359 0.0441 0.8859 0.0933
0.9359 0.0004 0.8684 0.1541
0.6489 0.0001 0.0251 0.0665
0.7133 0.0005 0.1461 0.2378
0.7736 0.0001 0.4327 0.2954
0.7736 0.0005 0.6211 0.1626
0.7736 0.0053 0.6406 0.1179
0.7736 0.0001 0.6348 0.1435
0.7736 0.0006 0.6441 0.1389
0.7736 0.0001 0.6439 0.1376
0.7736 0.0001 0.6584 0.0933
0.7736 0.0053 0.6608 0.0807
0.8262 0.0001 0.6637 0.0853
0.8608 0.0001 0.6380 0.1609
0.8692 0.0001 0.6658 0.1109
0.8692 0.5176 0.6854 0.0501
0.8692 0.6278 0.6928 0.0518
0.8692 0.0053 0.6815 0.0827
0.8692 0.0001 0.6539 0.1384
0.8692 0.0053 0.6675 0.0941
0.8692 0.0006 0.6602 0.1046
0.8692 0.0053 0.6750 0.0834
0.8692 0.5343 0.6882 0.0542
0.8692 0.0195 0.6578 0.1302
0.8692 0.3108 0.6726 0.0795
0.8844 0.3521 0.6771 0.0531
0.8844 0.0011 0.6742 0.1051
0.8844 0.0005 0.6826 0.0808
0.8844 0.4815 0.6914 0.0517
0.8847 0.4208 0.6910 0.0767
0.8847 0.0053 0.6704 0.1244
0.8847 0.0001 0.6678 0.1524
0.9322 0.0005 0.6967 0.1265
0.9322 0.0053 0.7076 0.1163
0.9322 0.5304 0.7140 0.0720
0.9322 0.0001 0.6999 0.1490
0.9322 0.0001 0.6986 0.1466
0.9322 0.6164 0.7370 0.0785
0.9322 0.1605 0.7304 0.0969
0.9322 0.2202 0.7454 0.1027
0.9322 0.2022 0.7292 0.1045
0.9322 0.0187 0.7126 0.1509
0.9322 0.0001 0.7162 0.1500
0.9322 0.0053 0.6969 0.1698
0.9322 0.0048 0.6872 0.2140
0.9322 0.0006 0.7281 0.1471
0.9322 0.0001 0.7219 0.2151
0.9322 0.0053 0.7530 0.1445
0.9322 0.2437 0.7475 0.1184
0.9322 0.0006 0.7372 0.1576
0.9322 0.0006 0.7481 0.1613
0.9322 0.0048 0.7568 0.1858
0.9802 0.0001 0.7762 0.1918
0.9802 0.2410 0.8056 0.1289
0.9802 0.0011 0.7761 0.1836
0.9802 0.1467 0.8109 0.1154
0.9802 0.1467 0.8074 0.1541
0.9802 0.0053 0.8245 0.1423
0.9802 0.0001 0.8016 0.1914
0.9802 0.0053 0.7856 0.2048
0.9802 0.1467 0.8337 0.1210
0.9802 0.2434 0.8398 0.0959
0.9802 0.0011 0.8081 0.1877
0.9802 0.0053 0.8315 0.1654
0.9802 0.0001 0.8125 0.2166
0.9802 0.0053 0.8566 0.1293
0.9802 0.0011 0.8523 0.1705
0.9802 0.0006 0.8690 0.1133
0.9802 0.0006 0.8553 0.1363
0.9802 0.0001 0.8583 0.1425
0.9802 0.0001 0.8276 0.2184
0.9802 0.0011 0.8639 0.1359
0.9802 0.4695 0.8921 0.0843
0.9802 0.4695 0.9011 0.0741
0.9802 0.0048 0.8846 0.1344
0.9802 0.1690 0.8938 0.1019
0.9802 0.0053 0.8823 0.1657
0.9802 0.0001 0.8929 0.1307
0.9802 0.0005 0.8952 0.1422
0.9802 0.0001 0.8841 0.1731
0.9802 0.0011 0.8739 0.1788
0.9802 0.0001 0.8776 0.1922
0.9802 0.0011 0.9068 0.1308
0.9802 0.0011 0.9106 0.1274
0.9802 0.0005 0.9221 0.1040
0.9802 0.2615 0.9101 0.1115
0.9802 0.0001 0.9062 0.1559
0.9802 0.0006 0.9166 0.1392
0.9802 0.2306 0.9307 0.0878
0.9802 0.7244 0.9358 0.0553
0.9802 0.2306 0.9275 0.0938
0.9802 0.0053 0.9209 0.1467
0.9802 0.0001 0.9210 0.1589
0.9802 0.0001 0.9078 0.1727
0.9802 0.0006 0.9299 0.1284
0.9802 0.0011 0.9236 0.1425
0.9802 0.2615 0.9350 0.0922
0.9802 0.0001 0.9327 0.1230
0.9802 0.0001 0.8920 0.1993
0.9802 0.0011 0.9179 0.1679
0.9802 0.0005 0.9209 0.1609
0.9802 0.0053 0.9253 0.1426
0.6933 0.0004 0.0280 0.0739
0.6933 0.0001 0.1767 0.2458
0.6933 0.0202 0.4865 0.2340
0.6933 0.0097 0.5429 0.1975
0.6933 0.0005 0.5705 0.1767
0.6933 0.1318 0.6102 0.1264
0.6975 0.0944 0.6065 0.1263
0.7668 0.0053 0.5568 0.1854
0.7668 0.0932 0.5719 0.1705
0.7668 0.0844 0.5929 0.1521
0.7668 0.0053 0.5946 0.1557
0.7668 0.0871 0.6172 0.1197
0.7668 0.2082 0.6457 0.0750
0.7668 0.0980 0.6429 0.0837
0.7668 0.0944 0.6335 0.1199
0.7668 0.0207 0.6417 0.1257
0.7668 0.0980 0.6485 0.1043
0.7668 0.0682 0.6547 0.0714
0.7668 0.0005 0.6425 0.1183
0.7668 0.4436 0.6579 0.0398
0.7668 0.0017 0.6520 0.1017
0.7668 0.0053 0.6482 0.0999
0.7668 0.5115 0.6586 0.0399
0.7668 0.5369 0.6650 0.0326
0.7668 0.0005 0.6421 0.1299
0.7668 0.5230 0.6697 0.0320
0.7668 0.0207 0.6684 0.0744
0.7668 0.5230 0.6753 0.0365
0.7668 0.0207 0.6628 0.0978
0.7668 0.3274 0.6706 0.0507
0.7668 0.0053 0.6631 0.1061
0.7668 0.0053 0.6577 0.1183
0.7668 0.0683 0.6779 0.0780
0.7668 0.0944 0.6756 0.0681
0.7668 0.0053 0.6721 0.0970
0.7668 0.3274 0.6750 0.0552
0.7668 0.0005 0.6767 0.0807
0.7668 0.5894 0.6896 0.0413
0.7668 0.0212 0.6779 0.1007
0.7668 0.0002 0.6831 0.1103
0.8033 0.0701 0.6818 0.1096
0.8033 0.4528 0.7105 0.0482
0.8033 0.0077 0.7138 0.0829
0.8033 0.0005 0.6955 0.1312
0.8033 0.3532 0.7232 0.0572
0.8033 0.6595 0.7324 0.0398
0.8033 0.0053 0.7100 0.1370
0.8033 0.6340 0.7424 0.0364
0.8191 0.0212 0.7348 0.0886
0.8191 0.0049 0.7307 0.0907
0.8191 0.0212 0.7368 0.0809
0.8191 0.0701 0.7411 0.0826
0.8191 0.6721 0.7555 0.0257
0.8191 0.0701 0.7354 0.1129
0.8191 0.0005 0.7364 0.1075
0.8191 0.0207 0.7420 0.0780
0.8191 0.0005 0.7397 0.0802
0.8191 0.0077 0.7123 0.1572
0.8191 0.0077 0.7122 0.1526
0.8191 0.0077 0.7368 0.1064
0.8191 0.6595 0.7492 0.0288
0.8191 0.6595 0.7487 0.0309
0.8191 0.6246 0.7528 0.0289
0.8191 0.0005 0.7443 0.0832
0.8191 0.0077 0.7469 0.0824
0.8191 0.4724 0.7549 0.0357
0.8191 0.0212 0.7521 0.0760
0.8191 0.0005 0.7430 0.1036
0.8191 0.0053 0.7510 0.0788
0.8191 0.0077 0.7273 0.1370
0.8191 0.0005 0.7362 0.1278
0.8191 0.6268 0.7553 0.0317
0.8191 0.2386 0.7424 0.0677
0.8191 0.0077 0.7189 0.1348
0.8191 0.0207 0.7279 0.0986
0.8191 0.2386 0.7395 0.0650
0.8191 0.6268 0.7418 0.0396
0.8191 0.6246 0.7454 0.0374
0.8191 0.0053 0.7339 0.0835
0.8191 0.4697 0.7405 0.0501
0.8191 0.0207 0.7419 0.0816
0.8191 0.0077 0.7329 0.1031
0.8191 0.0712 0.7468 0.0739
0.8191 0.0701 0.7297 0.1271
0.8191 0.0005 0.7402 0.0984
0.8191 0.5968 0.7509 0.0348
0.8191 0.3532 0.7471 0.0516
0.8191 0.0053 0.7415 0.0814
0.8237 0.6595 0.7525 0.0317
0.8237 0.0005 0.7441 0.1086
0.8237 0.6595 0.7586 0.0266
0.8237 0.0212 0.7479 0.0801
0.8237 0.1783 0.7470 0.0707
0.8237 0.0005 0.7393 0.0864
0.8237 0.0053 0.7230 0.1391
0.8237 0.0053 0.7151 0.1500
0.8237 0.0053 0.7185 0.1449
0.8237 0.0005 0.7151 0.1532
0.8237 0.0053 0.7420 0.0880
0.8237 0.0053 0.7416 0.0907
0.7590 0.0001 0.0355 0.0807
0.7590 0.0001 0.2037 0.2855
0.8943 0.0001 0.5627 0.2827
0.8943 0.0011 0.6793 0.1911
0.8943 0.0037 0.7304 0.1131
0.8943 0.3163 0.7467 0.0589
0.8943 0.0001 0.7144 0.1739
0.8943 0.0301 0.7271 0.1607
0.8943 0.0308 0.7422 0.1159
0.8943 0.0001 0.7521 0.1183
0.8943 0.0037 0.7640 0.0906
0.9421 0.0001 0.7672 0.1053
0.9871 0.0001 0.7430 0.1495
0.9871 0.0001 0.7732 0.0992
0.9871 0.0001 0.7636 0.1185
0.9871 0.0001 0.7571 0.1449
0.9871 0.2119 0.7694 0.0949
0.9871 0.2167 0.7850 0.0813
0.9871 0.0001 0.7848 0.1109
0.9871 0.0001 0.7855 0.1312
0.9871 0.0301 0.7861 0.1030
0.9871 0.0001 0.7934 0.1027
0.9935 0.0001 0.7902 0.1049
0.9935 0.0001 0.7989 0.1114
0.9935 0.0034 0.8048 0.1135
0.9935 0.0034 0.8102 0.1258
0.9935 0.0005 0.8095 0.0972
0.9935 0.0034 0.8003 0.1289
0.9935 0.7148 0.8186 0.0542
0.9935 0.0001 0.8054 0.1273
0.9935 0.3291 0.8221 0.0764
0.9935 0.0037 0.8044 0.1679
0.9935 0.7198 0.8373 0.0617
0.9935 0.7203 0.8327 0.0532
0.9935 0.7407 0.8431 0.0584
0.9935 0.0005 0.8344 0.1015
0.9935 0.0034 0.8246 0.1014
0.9935 0.0034 0.8131 0.1375
0.9935 0.7285 0.8341 0.0511
0.9935 0.0308 0.8348 0.1000
0.9935 0.0001 0.8406 0.1032
0.9935 0.6775 0.8499 0.0633
0.9935 0.2189 0.8478 0.0911
0.9935 0.0596 0.8511 0.0990
0.9935 0.0001 0.8475 0.1006
0.9935 0.0001 0.8337 0.1564
0.9935 0.0005 0.8601 0.1077
0.9935 0.0001 0.8563 0.1043
0.9935 0.0001 0.8290 0.1920
0.9935 0.0301 0.8551 0.1094
0.9935 0.3979 0.8488 0.0872
0.9935 0.0037 0.8474 0.1403
0.9935 0.0037 0.8604 0.1435
0.9935 0.0007 0.8434 0.1615
0.9935 0.0308 0.8605 0.1110
0.9935 0.1999 0.8594 0.1022
0.9935 0.0034 0.8606 0.1544
0.9935 0.0034 0.8612 0.1413
0.9935 0.0001 0.8847 0.1100
0.9935 0.7694 0.9003 0.0677
0.9935 0.0001 0.8820 0.1916
0.9935 0.0034 0.9128 0.1121
0.9935 0.7374 0.9259 0.0643
0.9935 0.0001 0.9223 0.1148
0.9935 0.0301 0.9130 0.1417
0.9935 0.0301 0.9215 0.1128
0.9935 0.0005 0.9158 0.1451
0.9935 0.7771 0.9397 0.0629
0.9935 0.0007 0.9348 0.1105
0.9935 0.0001 0.8859 0.2321
0.9935 0.0007 0.9335 0.1407
0.9935 0.0034 0.9346 0.1551
0.9945 0.0034 0.9326 0.1633
0.9945 0.0007 0.9307 0.1582
0.9945 0.0308 0.9496 0.1048
0.9945 0.7930 0.9578 0.0481
0.9945 0.0001 0.9354 0.1687
0.9945 0.8020 0.9688 0.0365
0.9945 0.0308 0.9594 0.0993
0.9945 0.7956 0.9692 0.0389
0.9945 0.0005 0.9506 0.1092
0.9945 0.7241 0.9497 0.0618
0.9945 0.2253 0.9540 0.0883
0.9945 0.8193 0.9660 0.0442
0.9945 0.2064 0.9437 0.1152
0.9945 0.2116 0.9442 0.0913
0.9945 0.7949 0.9547 0.0516
0.9945 0.0007 0.9473 0.1346
0.9945 0.1019 0.9531 0.0981
0.9945 0.1072 0.9534 0.0946
0.9945 0.0007 0.9502 0.1038
0.9945 0.0007 0.9506 0.1043
0.9945 0.0037 0.9423 0.1410
0.9945 0.0037 0.9441 0.1399
0.9945 0.0001 0.9298 0.1590
0.9945 0.7816 0.9633 0.0471
0.9945 0.0005 0.9557 0.1218
0.9945 0.7978 0.9712 0.0376
0.9945 0.0005 0.9578 0.1076
0.9945 0.7453 0.9589 0.0623
1.1089 0.0001 0.0772 0.1673
1.2135 0.0004 0.3716 0.4145
1.2135 0.0001 0.7028 0.4223
1.2411 0.0001 0.7280 0.4224
1.2411 0.0020 0.6936 0.4128
1.2411 0.0100 0.7711 0.3781
1.3088 0.0001 0.7888 0.3765
1.3088 0.0001 0.8061 0.3859
1.3088 0.0087 0.8371 0.3859
1.3088 0.0001 0.8493 0.3847
1.3133 0.0257 0.8910 0.3659
1.3133 0.0002 0.8984 0.3521
1.3133 0.0002 0.8707 0.3748
1.3133 0.0257 0.9496 0.3211
1.3133 0.0257 0.9305 0.3611
1.3648 0.0013 0.9178 0.3568
1.4066 0.0257 0.8793 0.3603
1.4066 0.0215 0.9527 0.3123
1.4066 0.0257 0.9828 0.2887
1.4359 0.0257 1.0052 0.3469
1.4359 0.0257 1.0747 0.2727
1.4417 0.0257 1.0077 0.3572
1.4417 0.0060 1.0002 0.3647
1.4417 0.0174 1.0443 0.3575
1.4417 0.0041 1.0037 0.4257
1.4417 0.0174 1.0888 0.3396
1.4417 0.0174 1.1051 0.3556
1.4417 0.0063 1.0573 0.3884
1.4417 0.0009 1.0066 0.4319
1.4607 0.0174 1.1031 0.3435
1.4607 0.0063 1.0776 0.4158
1.4607 0.0041 1.1053 0.3852
1.4607 0.0174 1.1687 0.3334
1.4607 0.0090 1.1619 0.3312
1.5041 0.0090 1.1687 0.2867
1.5041 0.0066 1.1552 0.3028
1.5041 0.0063 1.1355 0.3741
1.5041 0.0174 1.1578 0.3413
1.5041 0.0090 1.1930 0.2990
1.5041 0.0174 1.1610 0.3266
1.5041 0.0090 1.1637 0.3132
1.5041 0.0174 1.2111 0.2791
1.5041 0.0174 1.2442 0.2127
1.5041 0.0090 1.2272 0.2414
1.5041 0.0066 1.2056 0.2970
1.5041 0.0174 1.2145 0.2850
1.5041 0.0090 1.2323 0.2244
1.5041 0.0066 1.2060 0.2851
1.5041 0.0174 1.2599 0.2154
1.5041 0.0042 1.2296 0.2799
1.5041 0.0174 1.2277 0.2114
1.5041 0.0174 1.2029 0.2393
1.5041 0.0066 1.2097 0.2379
1.5041 0.0063 1.1912 0.2853
1.5041 0.0066 1.2317 0.1785
1.5041 0.0066 1.2302 0.2599
1.5041 0.0090 1.2411 0.2396
1.5041 0.0174 1.2682 0.1901
1.5041 0.0042 1.2134 0.3301
1.5041 0.0090 1.2389 0.2855
1.5041 0.0090 1.2614 0.2502
1.5041 0.0090 1.2446 0.3281
1.5041 0.0066 1.2374 0.3129
1.5041 0.0090 1.2115 0.3443
1.5041 0.0508 1.3040 0.2041
1.5041 0.0563 1.3241 0.1644
1.5041 0.0090 1.3175 0.2435
1.5041 0.0526 1.3041 0.2164
1.5306 0.0090 1.2917 0.2702
1.5340 0.0508 1.3320 0.1558
1.5340 0.0090 1.3156 0.2006
1.5340 0.0042 1.2922 0.2746
1.5340 0.0090 1.3012 0.2523
1.5340 0.0090 1.3436 0.1799
1.5340 0.0090 1.3412 0.1818
1.5340 0.8690 1.3302 0.1232
1.5340 0.0519 1.3077 0.1879
1.6536 0.0090 1.2764 0.2256
1.6536 0.0090 1.3266 0.1913
1.6536 0.0040 1.3133 0.2849
1.6536 0.0026 1.3399 0.2255
1.6536 0.0090 1.3194 0.2563
1.6536 0.2164 1.3419 0.2218
1.7060 0.0090 1.3516 0.2547
1.7060 0.0084 1.3261 0.2756
1.7060 0.0011 1.3453 0.2406
1.7060 0.0174 1.3764 0.1678
1.7060 0.9073 1.3817 0.1270
1.7173 0.0090 1.3701 0.1984
1.7173 0.0780 1.3866 0.2129
1.7353 0.0090 1.4092 0.2216
1.7443 0.0084 1.3943 0.1953
1.7443 1.0357 1.4263 0.1236
1.7443 1.1291 1.4095 0.1305
1.7443 0.0509 1.3953 0.2172
1.7443 0.0011 1.4135 0.1767
1.7443 0.6997 1.3886 0.1501
1.7443 0.0509 1.4074 0.1926
1.7443 0.6051 1.4241 0.1712
1.7443 0.6051 1.4023 0.1774
1.4744 0.0007 0.0787 0.1722
1.4761 0.0001 0.2815 0.4462
1.5452 0.0001 0.7892 0.5731
1.5452 0.0133 1.0819 0.4750
1.5452 0.0001 1.1925 0.4733
1.5521 0.1225 1.3444 0.3261
1.5521 0.0011 1.3882 0.2756
1.5521 0.4699 1.4336 0.1255
1.5521 0.0902 1.4430 0.1439
1.5850 0.3659 1.4323 0.1624
1.5850 0.3659 1.4215 0.1732
1.5850 0.0059 1.4199 0.1949
1.6091 0.0001 1.4309 0.2208
1.6836 1.3367 1.4837 0.0403
1.6975 0.0059 1.4560 0.1900
1.6975 1.2783 1.4825 0.0558
1.6975 0.0001 1.4618 0.1586
1.6975 0.4702 1.4662 0.1209
1.7489 1.3406 1.4856 0.0640
1.7489 0.5946 1.4675 0.1159
1.7489 0.0163 1.4644 0.1596
1.7489 1.3088 1.4787 0.0545
1.7489 0.0354 1.4647 0.1530
1.7489 0.0354 1.4572 0.1819
1.7489 0.0011 1.4400 0.2118
1.7489 0.0011 1.4627 0.1639
1.7489 0.3566 1.4734 0.1260
1.7489 0.3659 1.4822 0.1301
1.7489 0.0059 1.4767 0.1586
1.7489 1.3507 1.4983 0.0675
1.7489 1.3117 1.5031 0.0695
1.7489 0.4699 1.5028 0.1321
1.7500 0.0163 1.4672 0.2233
1.7500 1.2336 1.4961 0.0720
1.7500 1.3176 1.5007 0.0713
1.7500 0.0059 1.4812 0.1994
1.7500 0.0001 1.4464 0.2903
1.7500 0.9809 1.5026 0.0975
1.7500 0.0001 1.4438 0.3043
1.7500 0.9809 1.4979 0.1071
1.7500 0.0001 1.4997 0.1722
1.7500 0.0016 1.4949 0.2023
1.7500 0.0011 1.5015 0.2412
1.7500 0.0354 1.5044 0.2365
1.7500 0.0001 1.4900 0.2718
1.7500 1.3456 1.5264 0.0749
1.7500 0.0018 1.4883 0.2592
1.7500 0.0942 1.5163 0.1738
1.7500 1.3319 1.5283 0.0993
1.7500 0.0090 1.5022 0.2329
1.7500 0.0018 1.5078 0.2127
1.7500 0.7903 1.5465 0.1185
1.7500 0.0951 1.5340 0.1896
1.7500 0.0509 1.5515 0.1844
1.7500 1.1757 1.5786 0.1005
1.7500 1.1969 1.5677 0.1040
1.7500 0.0011 1.5297 0.2640
1.7500 0.4179 1.5650 0.1490
1.7500 0.0011 1.5476 0.1823
1.7500 1.3322 1.5646 0.0959
1.7500 0.4125 1.5722 0.1552
1.7500 0.0001 1.5490 0.2477
1.7500 0.0016 1.5458 0.2381
1.7500 0.8047 1.5633 0.1329
1.7500 0.4702 1.5475 0.1547
1.7500 0.0059 1.5516 0.1939
1.7500 0.0011 1.5430 0.2559
1.7500 0.8054 1.5832 0.1427
1.7500 0.0059 1.5811 0.1847
1.7500 0.0990 1.5944 0.1752
1.7500 0.0090 1.5810 0.2381
1.7500 0.0001 1.6147 0.1878
1.7500 1.2912 1.6443 0.0994
1.7500 1.2912 1.6369 0.0973
1.7500 1.4621 1.6586 0.0924
1.7500 0.0059 1.6262 0.2459
1.7500 0.0001 1.6101 0.2406
1.7500 0.0090 1.6321 0.1846
1.7500 1.2844 1.6622 0.0970
1.7500 0.0059 1.5949 0.3308
1.7500 0.0354 1.6346 0.1872
1.7500 0.0001 1.6148 0.2613
1.7500 0.0354 1.6080 0.2216
1.7500 0.0090 1.5802 0.2852
1.7500 0.0354 1.6210 0.2216
1.7500 0.0016 1.6041 0.2876
1.7500 0.0001 1.6403 0.1914
1.7500 0.0354 1.6187 0.2199
1.7500 0.4160 1.6201 0.1932
1.7500 0.0059 1.6298 0.1863
1.7500 0.0001 1.6189 0.1886
1.7500 0.0090 1.6133 0.2271
1.7500 1.4587 1.6598 0.0938
1.7500 1.4104 1.6535 0.1017
1.7500 0.0990 1.6289 0.1859
1.7500 0.0016 1.6304 0.2539
1.7500 0.0001 1.6583 0.2089
1.7500 0.4160 1.6547 0.1955
1.7500 0.0001 1.6614 0.1919
1.7500 1.5349 1.6792 0.0904
1.2654 0.0008 0.0941 0.1942
1.3319 0.0001 0.3790 0.4463
1.4556 0.0026 0.8322 0.4423
1.4933 0.0001 1.0157 0.3925
1.5235 0.0001 1.0968 0.3434
1.5235 0.0001 1.1034 0.3771
1.5235 0.0001 1.1494 0.2978
1.5235 0.0001 1.1134 0.3539
1.5494 0.0001 1.1130 0.3587
1.5494 0.0806 1.1903 0.2317
1.5693 0.0001 1.1509 0.3030
1.5693 0.0001 1.1334 0.3166
1.5693 0.0001 1.1076 0.3329
1.5693 0.0001 1.1885 0.2496
1.5693 0.0026 1.1333 0.3116
1.5693 0.0001 1.1671 0.2755
1.5693 0.0001 1.1802 0.3327
1.5693 0.0001 1.2079 0.2907
1.5693 0.0001 1.1562 0.3501
1.5693 0.0001 1.1927 0.3180
1.5693 0.0001 1.2133 0.2565
1.6462 0.0001 1.2031 0.2989
1.6462 0.0001 1.1589 0.3305
1.6462 0.0068 1.1854 0.2498
1.6462 0.0001 1.1887 0.2646
1.6462 0.0001 1.1692 0.3048
1.6462 0.0068 1.2337 0.2153
1.6462 0.0001 1.1393 0.3437
1.6462 0.0001 1.1749 0.3062
1.6462 0.0078 1.2093 0.2501
1.6462 0.0001 1.2080 0.2773
1.6462 0.0001 1.1982 0.2882
1.6462 0.0001 1.1478 0.3504
1.6462 0.0001 1.1932 0.3141
1.6462 0.0001 1.1889 0.3311
1.6462 0.0001 1.2649 0.2603
1.6462 0.0001 1.2870 0.3010
1.6495 0.0001 1.2141 0.3764
1.6495 0.0001 1.3052 0.2324
1.7626 0.0001 1.3039 0.2527
1.7626 0.0001 1.2068 0.4014
1.7626 0.0001 1.2936 0.2587
1.7626 0.0001 1.2851 0.3163
1.7626 0.0001 1.3081 0.2880
1.7626 0.0001 1.3451 0.2680
1.7626 0.0001 1.3720 0.2795
1.7675 0.5123 1.3998 0.2242
1.7675 0.5306 1.3819 0.2194
1.7675 0.0026 1.3990 0.2210
1.7675 0.0011 1.3653 0.2887
1.7675 0.0163 1.4125 0.2097
1.7675 0.8858 1.4447 0.1404
1.7675 0.0001 1.4096 0.2412
1.7675 0.0011 1.4463 0.2117
1.7675 0.5362 1.4603 0.1791
1.7675 0.0090 1.4791 0.1927
1.7675 0.0509 1.4726 0.2118
1.8004 0.2729 1.4869 0.1842
1.8004 0.0090 1.4891 0.2016
1.8004 0.0001 1.4485 0.2876
1.8004 0.0090 1.4781 0.2356
1.8004 1.2649 1.5016 0.0967
1.8004 0.6652 1.4860 0.1335
1.8004 0.0011 1.4950 0.1807
1.8004 0.0509 1.4939 0.1912
1.8004 0.0090 1.4926 0.2142
1.8004 1.0393 1.5202 0.1220
1.8004 0.6575 1.5216 0.1485
1.8004 0.6575 1.5092 0.1757
1.8004 0.3729 1.5011 0.1813
1.8004 0.0090 1.4761 0.2905
1.8004 0.0090 1.4818 0.2855
1.8211 0.0509 1.5260 0.2088
1.8211 0.0001 1.5251 0.1976
1.8211 0.0011 1.5308 0.1822
1.8211 1.0393 1.5244 0.0989
1.8211 0.0001 1.4955 0.2767
1.8211 0.0090 1.5310 0.1915
1.8211 0.0090 1.5434 0.1951
1.8211 0.0090 1.5306 0.1937
1.8211 0.9769 1.5514 0.1218
1.8211 0.0011 1.4949 0.3394
1.8211 0.0090 1.5421 0.2531
1.8323 0.0090 1.5259 0.3110
1.9028 0.5925 1.5832 0.1695
1.9028 0.0011 1.5828 0.2317
1.9077 0.0090 1.6145 0.2867
1.9077 1.3999 1.6494 0.1221
1.9077 0.0090 1.5993 0.2773
1.9077 1.1610 1.6494 0.1332
1.9077 0.8938 1.6403 0.1467
1.9077 0.3961 1.6419 0.1875
1.9077 0.0011 1.5938 0.3286
1.9077 0.0001 1.6170 0.2678
1.9077 0.0001 1.6464 0.2238
1.9077 0.3370 1.6719 0.2050
1.9077 0.0090 1.6623 0.2176
1.9077 0.0011 1.6592 0.2650
1.9077 0.0004 1.6786 0.2068
1.9077 0.0090 1.6791 0.2380
0.1333 0.0001 0.0267 0.0182
0.1342 0.0004 0.0329 0.0213
0.2652 0.0001 0.0409 0.0414
0.4945 0.0011 0.0787 0.0835
0.7083 0.0002 0.1682 0.1374
0.7881 0.0001 0.2866 0.1811
0.7881 0.0002 0.3936 0.2259
0.7928 0.0004 0.4783 0.2216
0.7952 0.0024 0.5747 0.1850
0.7952 0.1046 0.6122 0.1648
0.8233 0.0098 0.6532 0.1580
0.8233 0.0037 0.6732 0.1449
0.8233 0.0001 0.6755 0.1551
0.8233 0.0010 0.6978 0.1258
0.8233 0.0005 0.7151 0.1039
0.8233 0.0001 0.7187 0.1292
0.8233 0.0001 0.7413 0.0906
0.8233 0.0026 0.7398 0.1143
0.8233 0.0001 0.7235 0.1538
0.8233 0.0024 0.7454 0.0973
0.8233 0.0024 0.7495 0.0869
0.8233 0.0005 0.7460 0.0885
0.8233 0.5172 0.7550 0.0435
0.8233 0.4462 0.7590 0.0473
0.8233 0.0001 0.7563 0.0860
0.8233 0.5774 0.7628 0.0472
0.8233 0.2446 0.7539 0.0770
0.8233 0.2446 0.7501 0.0882
0.8233 0.2832 0.7645 0.0614
0.8233 0.5774 0.7678 0.0431
0.8233 0.0026 0.7574 0.1007
0.8493 0.0001 0.7649 0.0954
0.8493 0.4722 0.7771 0.0448
0.8493 0.6276 0.7781 0.0363
0.8493 0.2002 0.7609 0.0882
0.8493 0.0001 0.7692 0.0963
0.8493 0.0024 0.7602 0.1385
0.8493 0.0037 0.7756 0.0977
0.8493 0.0005 0.7669 0.1268
0.8493 0.0001 0.7788 0.0824
0.8493 0.4474 0.7726 0.0610
0.8493 0.0031 0.7612 0.1077
0.8493 0.3134 0.7777 0.0649
0.8493 0.0001 0.7709 0.0965
0.8493 0.0031 0.7708 0.1040
0.8493 0.0001 0.7606 0.1368
0.8493 0.0037 0.7787 0.0890
0.8493 0.0031 0.7814 0.0876
0.8493 0.0001 0.7752 0.1133
0.8493 0.0021 0.7652 0.1366
0.8493 0.2911 0.7715 0.0891
0.8493 0.0001 0.7589 0.1382
0.8493 0.5414 0.7817 0.0453
0.8493 0.4648 0.7734 0.0575
0.8546 0.4722 0.7674 0.0643
0.8546 0.2176 0.7595 0.0867
0.8546 0.0006 0.7690 0.0944
0.8546 0.5204 0.7760 0.0515
0.8546 0.0001 0.7373 0.1732
0.8546 0.2601 0.7663 0.0948
0.8546 0.0001 0.7769 0.0842
0.8546 0.6276 0.7824 0.0378
0.8546 0.0031 0.7708 0.1139
0.8546 0.0001 0.7750 0.0903
0.8546 0.2600 0.7761 0.0715
0.8546 0.0024 0.7783 0.0875
0.8546 0.5508 0.7812 0.0500
0.8546 0.5074 0.7824 0.0486
0.8546 0.2831 0.7846 0.0538
0.8546 0.0005 0.7726 0.1079
0.8730 0.6732 0.7923 0.0234
0.8730 0.2739 0.7882 0.0579
0.8730 0.0024 0.7741 0.1001
0.8730 0.5204 0.7752 0.0558
0.8730 0.0001 0.7711 0.0960
0.8730 0.5204 0.7695 0.0611
0.8730 0.5204 0.7726 0.0654
0.9073 0.0026 0.7750 0.0882
0.9073 0.5508 0.7824 0.0468
0.9073 0.0001 0.7572 0.1237
0.9073 0.4648 0.7776 0.0595
0.9073 0.0026 0.7770 0.0818
0.9073 0.0001 0.7692 0.1137
0.9073 0.0005 0.7780 0.1013
0.9073 0.4994 0.7859 0.0466
0.9917 0.0024 0.7811 0.0941
0.9917 0.0005 0.7735 0.1131
0.9917 0.0031 0.7762 0.1127
0.9917 0.0024 0.7698 0.1095
0.9917 0.2923 0.7783 0.0855
0.9917 0.2923 0.7792 0.0979
0.9917 0.2911 0.7786 0.0818
0.9917 0.0026 0.7776 0.1300
0.9917 0.2180 0.7759 0.1058
0.9917 0.0001 0.7733 0.1421
0.9917 0.0001 0.8023 0.1003
0.9917 0.6196 0.8094 0.0633
0.9917 0.0024 0.7894 0.1263
0.9917 0.6173 0.8007 0.0628
0.9917 0.0001 0.7774 0.1523
0.3341 0.0001 0.0240 0.0363
0.6321 0.0001 0.0759 0.1166
0.6321 0.0001 0.1943 0.1567
0.6321 0.0001 0.2760 0.1570
0.7162 0.0001 0.3102 0.1746
0.7162 0.0001 0.3355 0.1859
0.7162 0.0001 0.3486 0.1957
0.7692 0.0001 0.3719 0.1967
0.7692 0.0001 0.4013 0.1857
0.7692 0.0001 0.4150 0.1923
0.7692 0.0047 0.4498 0.1835
0.8272 0.0001 0.4856 0.2068
0.8272 0.0001 0.5482 0.2067
0.8272 0.0001 0.5537 0.2208
0.8272 0.0001 0.5687 0.2107
0.8272 0.0047 0.5904 0.2224
0.8272 0.0004 0.6269 0.1902
0.8272 0.0047 0.6296 0.1855
0.8272 0.0001 0.6443 0.1962
0.8272 0.0001 0.6304 0.1936
0.8272 0.0012 0.6314 0.2504
0.8272 0.0047 0.6726 0.1864
0.8272 0.0005 0.7029 0.1645
0.8272 0.0053 0.6834 0.1903
0.8272 0.0001 0.7386 0.1388
0.8272 0.2085 0.7453 0.1058
0.8272 0.0212 0.7182 0.1609
0.8272 0.0053 0.7249 0.1561
0.8272 0.0053 0.7261 0.1485
0.8272 0.0001 0.7330 0.1496
0.8272 0.0047 0.7294 0.1603
0.8272 0.0214 0.7258 0.1505
0.8272 0.0053 0.7191 0.1742
0.8272 0.0208 0.7551 0.1325
0.8272 0.0047 0.7574 0.1433
0.8272 0.0047 0.7574 0.1465
0.8272 0.3131 0.7725 0.0807
0.8272 0.5636 0.7868 0.0640
0.8272 0.0212 0.7802 0.1070
0.8272 0.0214 0.7731 0.1331
0.8272 0.1386 0.7804 0.1126
0.8272 0.0005 0.7624 0.1422
0.8272 0.0053 0.7722 0.1209
0.8272 0.0047 0.7720 0.1237
0.8644 0.5636 0.7844 0.0676
0.8644 0.0208 0.7569 0.1425
0.8644 0.3889 0.7714 0.0883
0.8644 0.0212 0.7617 0.1290
0.8644 0.0757 0.7725 0.1199
0.8644 0.0001 0.7709 0.1364
0.8644 0.0005 0.7856 0.1236
0.8644 0.0053 0.7743 0.1562
0.8644 0.0984 0.7879 0.1207
0.8644 0.0212 0.7985 0.0969
0.8644 0.0208 0.7937 0.1230
0.8644 0.4203 0.8082 0.0645
0.8644 0.0005 0.8015 0.1043
0.8644 0.0001 0.8115 0.1160
0.8644 0.0053 0.8051 0.1180
0.8644 0.0208 0.8134 0.0922
0.8644 0.5203 0.8209 0.0475
0.8644 0.0212 0.8028 0.1243
0.8644 0.5203 0.8153 0.0613
0.8644 0.1446 0.8121 0.0841
0.8644 0.0001 0.8119 0.0947
0.8644 0.0212 0.8078 0.0985
0.8644 0.3748 0.8192 0.0591
0.8644 0.3748 0.8019 0.0947
0.8644 0.3748 0.8056 0.0914
0.8644 0.0053 0.7818 0.1556
0.8644 0.0053 0.7755 0.1535
0.8644 0.0053 0.7898 0.1530
0.8644 0.0047 0.7774 0.1690
0.8644 0.0208 0.7895 0.1379
0.8644 0.0001 0.8007 0.1138
0.8644 0.0689 0.8002 0.1221
0.8644 0.0689 0.7985 0.1248
0.8644 0.0925 0.8138 0.0968
0.8644 0.0212 0.8244 0.0817
0.8644 0.0930 0.8084 0.1171
0.8644 0.0214 0.8166 0.1146
0.8644 0.3748 0.8291 0.0480
0.8644 0.2476 0.8240 0.0632
0.8644 0.0208 0.8072 0.1267
0.8644 0.0212 0.8080 0.1199
0.8644 0.6715 0.8263 0.0366
0.8644 0.0053 0.8008 0.1402
0.8644 0.0053 0.7869 0.1474
0.8644 0.0053 0.8036 0.1171
0.8644 0.3748 0.8084 0.0718
0.8644 0.0053 0.7926 0.1342
0.8644 0.0001 0.7913 0.1321
0.8644 0.0208 0.8049 0.1190
0.8644 0.0001 0.7882 0.1755
0.8644 0.0907 0.8184 0.0825
0.8644 0.2476 0.8207 0.0654
0.8644 0.0212 0.7992 0.1380
0.8644 0.0208 0.7994 0.1304
0.8644 0.4970 0.8277 0.0353
0.8644 0.1411 0.8141 0.1016
0.6763 0.0002 0.0444 0.1145
0.6951 0.0001 0.2680 0.2727
0.7958 0.0001 0.4049 0.2658
0.7958 0.0001 0.4561 0.2438
0.7958 0.0001 0.4907 0.2527
0.7958 0.0001 0.5766 0.1879
0.7958 0.0001 0.5507 0.2005
0.7958 0.0049 0.5720 0.1899
0.7958 0.0001 0.5356 0.2257
0.7958 0.0035 0.5558 0.2169
0.7958 0.0001 0.5155 0.2620
0.7958 0.0001 0.5415 0.2378
0.7958 0.0001 0.5762 0.2105
0.8753 0.0001 0.5628 0.2329
0.8753 0.0001 0.5722 0.2154
0.9197 0.0049 0.5871 0.2068
0.9197 0.0001 0.6322 0.1603
0.9197 0.0001 0.5722 0.2413
0.9197 0.0001 0.6241 0.1816
0.9197 0.0001 0.6241 0.1703
0.9197 0.0001 0.6167 0.1940
0.9197 0.0001 0.6364 0.1666
0.9197 0.0001 0.6234 0.1931
0.9197 0.0001 0.6130 0.1999
0.9197 0.0001 0.5922 0.2149
0.9197 0.0002 0.5975 0.2253
0.9197 0.0001 0.6101 0.2160
0.9197 0.0001 0.6350 0.1736
0.9197 0.0001 0.6477 0.1589
0.9197 0.0001 0.6336 0.1772
0.9197 0.0001 0.6151 0.2007
0.9197 0.0001 0.6244 0.1896
0.9197 0.0001 0.6539 0.1629
0.9197 0.0597 0.6852 0.1109
0.9197 0.0063 0.6667 0.1654
0.9197 0.0164 0.6800 0.1390
0.9197 0.0001 0.6530 0.1765
0.9197 0.0647 0.6845 0.1339
0.9197 0.3726 0.6981 0.0781
0.9197 0.0005 0.6838 0.1402
0.9197 0.3313 0.6916 0.0763
0.9197 0.0005 0.6902 0.1347
0.9197 0.0053 0.6924 0.1257
0.9197 0.0006 0.6669 0.1888
0.9197 0.0053 0.7082 0.1453
0.9197 0.5842 0.7414 0.0879
0.9197 0.1990 0.7344 0.0967
0.9197 0.2296 0.7314 0.0935
0.9312 0.5452 0.7388 0.0853
0.9312 0.0053 0.7399 0.1348
0.9312 0.5395 0.7478 0.0913
0.9312 0.0006 0.7515 0.1577
0.9973 0.0005 0.7995 0.1253
0.9973 0.5607 0.8122 0.1027
0.9973 0.0781 0.8144 0.1261
0.9973 0.5395 0.8379 0.1027
0.9973 0.0208 0.8512 0.1192
0.9973 0.0053 0.8640 0.1335
0.9973 0.5322 0.8812 0.0777
0.9973 0.5607 0.8949 0.0707
0.9973 0.2494 0.9059 0.0856
0.9973 0.0781 0.8873 0.1043
0.9973 0.0006 0.8927 0.1379
0.9973 0.3924 0.9082 0.0725
0.9973 0.7244 0.9077 0.0559
0.9973 0.7244 0.9078 0.0567
0.9973 0.0004 0.8860 0.1364
0.9973 0.6680 0.9048 0.0704
0.9973 0.0832 0.8954 0.1034
0.9973 0.0053 0.8886 0.1356
0.9973 0.0001 0.8941 0.1301
0.9973 0.2025 0.9068 0.0921
0.9973 0.0053 0.8809 0.1573
0.9973 0.2494 0.9023 0.0943
0.9973 0.0053 0.8817 0.1608
0.9973 0.0001 0.8600 0.1745
0.9973 0.0001 0.8370 0.2228
0.9973 0.6883 0.9071 0.0711
0.9973 0.0053 0.8967 0.1163
0.9973 0.0053 0.8877 0.1596
0.9973 0.0006 0.8825 0.1707
0.9973 0.0001 0.8909 0.1431
0.9973 0.0001 0.8975 0.1182
0.9973 0.6781 0.9019 0.0788
0.9973 0.0004 0.8959 0.1440
0.9973 0.0004 0.8889 0.2131
0.9973 0.7133 0.9360 0.0627
0.9973 0.0004 0.9267 0.1429
0.9973 0.0001 0.9396 0.1218
0.9973 0.0208 0.9330 0.1355
0.9973 0.0398 0.9328 0.1084
0.9973 0.0006 0.9307 0.1173
0.9973 0.0006 0.9142 0.1739
0.9973 0.6788 0.9395 0.0666
0.9973 0.0005 0.9212 0.1513
0.9973 0.0001 0.9279 0.1466
0.9973 0.6788 0.9530 0.0662
0.9973 0.0053 0.9292 0.1618
0.9973 0.0053 0.9485 0.1164
0.9973 0.6788 0.9626 0.0609
