0.0220 0.0056 0.0058 0.0019
0.0220 0.0009 0.0062 0.0030
0.0220 0.0056 0.0076 0.0052
0.0220 0.0009 0.0079 0.0058
0.7101 0.0033 0.0167 0.0700
0.7376 0.0014 0.1806 0.2877
0.8133 0.0056 0.5908 0.2435
0.8133 0.0056 0.6800 0.1146
0.9591 0.0056 0.6750 0.1360
0.9591 0.0056 0.6893 0.1315
0.9591 0.0056 0.6337 0.2024
0.9591 0.0056 0.6738 0.1241
0.9591 0.0056 0.6581 0.1702
0.9711 0.0056 0.6508 0.1800
0.9711 0.0056 0.6465 0.1696
0.9711 0.0003 0.6593 0.1716
0.9711 0.0056 0.6803 0.1306
0.9711 0.0056 0.6775 0.1472
0.9711 0.0056 0.6894 0.1615
0.9711 0.0056 0.6998 0.1456
0.9711 0.0056 0.6735 0.1797
0.9711 0.0056 0.6778 0.2005
0.9711 0.0056 0.7361 0.1826
0.9711 0.0056 0.7129 0.2093
0.9711 0.0056 0.6766 0.2746
0.9711 0.0056 0.6899 0.2780
0.9711 0.0056 0.7568 0.2201
0.9711 0.0056 0.7423 0.2755
0.9711 0.0056 0.7770 0.2528
0.9711 0.0056 0.7809 0.2614
0.9711 0.0056 0.8313 0.2015
0.9888 0.0056 0.7966 0.2684
0.9888 0.0056 0.8524 0.2239
0.9888 0.0056 0.8871 0.1902
0.9888 0.0056 0.8968 0.1830
0.9888 0.0056 0.8897 0.1990
0.9888 0.0056 0.9307 0.1042
0.9888 0.0220 0.9286 0.1065
0.9888 0.0056 0.9012 0.1724
0.9888 0.0220 0.9166 0.1274
0.9888 0.0056 0.9130 0.1754
0.9888 0.0056 0.9083 0.1951
0.9888 0.7973 0.9600 0.0322
0.9888 0.0056 0.9127 0.2099
0.9888 0.0056 0.9372 0.1627
0.9888 0.0056 0.9550 0.0970
0.9888 0.0056 0.9466 0.1353
0.9888 0.0056 0.9574 0.0969
0.9888 0.0056 0.9394 0.1639
0.9888 0.0220 0.9576 0.1002
0.9888 0.0220 0.9605 0.0957
0.9888 0.0056 0.9581 0.0972
0.9888 0.0056 0.9527 0.1136
0.9888 0.0056 0.9597 0.0973
0.9888 0.0220 0.9590 0.1034
0.9888 0.0220 0.9675 0.0963
0.9888 0.0056 0.9562 0.1403
0.9888 0.6617 0.9736 0.0471
0.9888 0.0056 0.9602 0.1363
0.9888 0.8734 0.9789 0.0191
0.9888 0.0056 0.9575 0.1372
0.9888 0.9405 0.9779 0.0158
0.9888 0.0056 0.9603 0.1360
0.9888 0.0056 0.9694 0.0979
0.9888 0.0056 0.9490 0.1508
0.9888 0.0056 0.9428 0.1733
0.9888 0.0056 0.9653 0.1026
0.9888 0.0056 0.9551 0.1436
0.9888 0.0056 0.9579 0.1382
0.9888 0.6716 0.9697 0.0421
0.9888 0.0056 0.9620 0.1081
0.9888 0.0056 0.9525 0.1334
0.9888 0.0220 0.9307 0.1785
0.9888 0.0056 0.9439 0.1339
0.9888 0.0220 0.9474 0.1244
0.9888 0.0056 0.9250 0.1848
0.9888 0.0056 0.9173 0.1915
0.9888 0.0056 0.9421 0.1559
0.9888 0.0056 0.9331 0.1593
0.9888 0.0005 0.9212 0.1863
0.9888 0.0056 0.9395 0.1508
0.9888 0.0056 0.9591 0.0977
0.9888 0.0056 0.9215 0.2096
0.9888 0.0056 0.9625 0.0977
0.9888 0.5167 0.9670 0.0483
0.9888 0.0056 0.9503 0.1230
0.9888 0.0056 0.9477 0.1425
0.9888 0.0056 0.9505 0.1178
0.9888 0.0220 0.9567 0.0971
0.9888 0.0056 0.9143 0.2093
0.9888 0.0056 0.9110 0.2296
0.9888 0.0056 0.9352 0.1728
0.9888 0.0056 0.9467 0.1464
0.9888 0.0196 0.9395 0.1645
0.9888 0.0056 0.9256 0.1918
0.9888 0.7973 0.9725 0.0253
0.9888 0.0056 0.9485 0.1406
0.9888 0.0056 0.9553 0.1213
0.9888 0.0196 0.9465 0.1658
0.9888 0.7465 0.9736 0.0291
0.0220 0.0056 0.0058 0.0016
0.0220 0.0026 0.0060 0.0028
0.0220 0.0016 0.0063 0.0035
0.9651 0.0037 0.0213 0.1020
0.9770 0.0009 0.3441 0.4265
0.9888 0.0056 0.8168 0.2630
0.9888 0.0056 0.8319 0.2510
0.9888 0.2549 0.8828 0.1461
0.9888 0.0056 0.8755 0.1786
0.9888 0.4522 0.8950 0.1180
0.9888 0.4522 0.9193 0.0960
0.9888 0.0056 0.9089 0.1704
0.9888 0.0056 0.9157 0.1676
0.9888 0.0220 0.9359 0.1025
0.9888 0.0056 0.9178 0.1656
0.9888 0.0056 0.9331 0.1371
0.9888 0.0056 0.9342 0.1371
0.9888 0.4522 0.9493 0.0595
0.9888 0.0056 0.9379 0.1180
0.9888 0.0056 0.9198 0.1715
0.9888 0.0056 0.9420 0.1000
0.9888 0.0056 0.9122 0.1903
0.9888 0.0056 0.9241 0.1362
0.9888 0.0220 0.9172 0.1523
0.9888 0.0220 0.9366 0.1112
0.9888 0.0056 0.9399 0.1033
0.9888 0.0169 0.9463 0.1027
0.9888 0.0056 0.9524 0.0978
0.9888 0.0220 0.9316 0.1443
0.9888 0.0056 0.9341 0.1408
0.9888 0.0056 0.9228 0.1739
0.9888 0.0056 0.9504 0.0987
0.9888 0.6815 0.9583 0.0354
0.9888 0.0056 0.9427 0.1350
0.9888 0.0056 0.9462 0.1085
0.9888 0.5289 0.9548 0.0628
0.9888 0.0056 0.9467 0.1077
0.9888 0.0056 0.9328 0.1668
0.9888 0.0056 0.9268 0.1485
0.9888 0.0056 0.9219 0.1720
0.9888 0.7194 0.9587 0.0339
0.9888 0.0056 0.9293 0.1458
0.9888 0.0220 0.9394 0.1063
0.9888 0.0220 0.9395 0.1075
0.9888 0.0056 0.9054 0.1784
0.9888 0.0056 0.9217 0.1444
0.9888 0.0056 0.8925 0.2116
0.9888 0.0220 0.9401 0.1041
0.9888 0.0056 0.9081 0.1904
0.9888 0.6202 0.9516 0.0449
0.9888 0.8054 0.9549 0.0342
0.9888 0.0056 0.9474 0.0989
0.9888 0.0056 0.9280 0.1643
0.9888 0.4386 0.9521 0.0604
0.9888 0.0056 0.8947 0.2075
0.9888 0.8054 0.9509 0.0405
0.9888 0.7973 0.9487 0.0476
0.9888 0.0056 0.9320 0.1412
0.9888 0.0220 0.9355 0.1394
0.9888 0.0056 0.9246 0.1702
0.9888 0.0056 0.9430 0.1130
0.9888 0.0056 0.9320 0.1439
0.9888 0.0056 0.9260 0.1516
0.9888 0.6094 0.9470 0.0654
0.9888 0.0220 0.9252 0.1234
0.9888 0.0056 0.9153 0.1922
0.9888 0.0056 0.9336 0.1172
0.9888 0.0056 0.9169 0.1539
0.9888 0.0056 0.9345 0.1153
0.9888 0.0220 0.9184 0.1556
0.9888 0.0220 0.9315 0.1267
0.9888 0.0056 0.9224 0.1680
0.9888 0.0056 0.9241 0.1672
0.9888 0.6617 0.9446 0.0591
0.9888 0.0056 0.9092 0.1945
0.9888 0.0220 0.9232 0.1518
0.9888 0.0056 0.9169 0.1743
0.9888 0.7465 0.9550 0.0555
0.9888 0.0056 0.9287 0.1685
0.9888 0.7973 0.9516 0.0534
0.9888 0.7973 0.9549 0.0529
0.9888 0.7973 0.9513 0.0534
0.9888 0.0056 0.9042 0.2135
0.9888 0.0220 0.9314 0.1071
0.9888 0.3364 0.9333 0.0813
0.9888 0.0206 0.9328 0.1075
0.9888 0.0056 0.9228 0.1427
0.9888 0.8516 0.9426 0.0522
0.9888 0.8054 0.9462 0.0538
0.9888 0.0220 0.9341 0.1403
0.9888 0.0863 0.9480 0.1004
0.9888 0.0220 0.9513 0.1058
0.9888 0.0056 0.9317 0.1698
0.9888 0.0056 0.9280 0.1930
0.9888 0.0220 0.9697 0.1000
0.9888 0.0056 0.9694 0.1013
0.9888 0.0056 0.9552 0.1674
0.9888 0.5167 0.9819 0.0489
0.9888 0.0056 0.9648 0.1387
0.9888 0.0056 0.9619 0.1383
0.0220 0.0001 0.0066 0.0055
0.0220 0.0001 0.0101 0.0075
0.0220 0.0001 0.0151 0.0083
0.0220 0.0001 0.0187 0.0068
0.0220 0.0024 0.0210 0.0039
0.0220 0.0022 0.0215 0.0030
0.0220 0.0129 0.0219 0.0009
0.0220 0.0002 0.0214 0.0032
0.0220 0.0007 0.0218 0.0021
0.0220 0.0056 0.0218 0.0016
0.0220 0.0056 0.0215 0.0028
0.0220 0.0003 0.0215 0.0030
0.0220 0.0011 0.0218 0.0021
0.0220 0.0220 0.0220 0.0000
0.0220 0.0220 0.0220 0.0000
0.0220 0.0005 0.0216 0.0027
0.0220 0.0002 0.0218 0.0022
0.0220 0.0002 0.0218 0.0022
0.0220 0.0062 0.0218 0.0016
0.0220 0.0007 0.0215 0.0030
0.0220 0.0002 0.0215 0.0030
0.0220 0.0058 0.0218 0.0016
0.0220 0.0060 0.0218 0.0016
0.0220 0.0008 0.0218 0.0021
0.0220 0.0220 0.0220 0.0000
0.0220 0.0058 0.0218 0.0016
0.0220 0.0003 0.0218 0.0022
0.0220 0.0058 0.0218 0.0016
0.0220 0.0220 0.0220 0.0000
0.0220 0.0012 0.0218 0.0021
0.0220 0.0220 0.0220 0.0000
0.0220 0.0220 0.0220 0.0000
0.0220 0.0220 0.0220 0.0000
0.0220 0.0220 0.0220 0.0000
0.0220 0.0220 0.0220 0.0000
0.0220 0.0057 0.0217 0.0022
0.0220 0.0075 0.0218 0.0014
0.0220 0.0056 0.0217 0.0023
0.0220 0.0007 0.0218 0.0021
0.0220 0.0220 0.0220 0.0000
0.0220 0.0220 0.0220 0.0000
0.0220 0.0220 0.0220 0.0000
0.0220 0.0081 0.0218 0.0014
0.0220 0.0079 0.0217 0.0019
0.0220 0.0006 0.0215 0.0028
0.0220 0.0001 0.0213 0.0036
0.0220 0.0002 0.0216 0.0025
0.0220 0.0001 0.0218 0.0022
0.0220 0.0220 0.0220 0.0000
0.0220 0.0003 0.0218 0.0022
0.0220 0.0025 0.0218 0.0019
0.0220 0.0220 0.0220 0.0000
0.0220 0.0220 0.0220 0.0000
0.0220 0.0220 0.0220 0.0000
0.0220 0.0066 0.0218 0.0015
0.0220 0.0066 0.0218 0.0015
0.0220 0.0220 0.0220 0.0000
0.0220 0.0002 0.0218 0.0022
0.0220 0.0066 0.0218 0.0015
0.0220 0.0220 0.0220 0.0000
0.0220 0.0004 0.0218 0.0021
0.0220 0.0220 0.0220 0.0000
0.0220 0.0220 0.0220 0.0000
0.0220 0.0002 0.0216 0.0027
0.0220 0.0059 0.0217 0.0022
0.0220 0.0002 0.0218 0.0022
0.0220 0.0220 0.0220 0.0000
0.0220 0.0220 0.0220 0.0000
0.0220 0.0002 0.0216 0.0028
0.0220 0.0220 0.0220 0.0000
0.0220 0.0220 0.0220 0.0000
0.0220 0.0220 0.0220 0.0000
0.0220 0.0220 0.0220 0.0000
0.0220 0.0220 0.0220 0.0000
0.0220 0.0063 0.0218 0.0016
0.0220 0.0220 0.0220 0.0000
0.0220 0.0001 0.0216 0.0025
0.0220 0.0089 0.0218 0.0013
0.0220 0.0005 0.0218 0.0021
0.0220 0.0220 0.0220 0.0000
0.0220 0.0003 0.0216 0.0027
0.0220 0.0056 0.0217 0.0021
0.0220 0.0068 0.0217 0.0021
0.0220 0.0001 0.0214 0.0031
0.0220 0.0064 0.0217 0.0022
0.0220 0.0076 0.0218 0.0014
0.0220 0.0220 0.0220 0.0000
0.0220 0.0220 0.0220 0.0000
0.0220 0.0065 0.0218 0.0015
0.0220 0.0220 0.0220 0.0000
0.0220 0.0220 0.0220 0.0000
0.0220 0.0064 0.0217 0.0021
0.0220 0.0083 0.0218 0.0014
0.0220 0.0220 0.0220 0.0000
0.0220 0.0220 0.0220 0.0000
0.0220 0.0220 0.0220 0.0000
0.0220 0.0220 0.0220 0.0000
0.0220 0.0220 0.0220 0.0000
0.0220 0.0220 0.0220 0.0000
0.0220 0.0220 0.0220 0.0000
0.0220 0.0056 0.0061 0.0028
0.7007 0.0003 0.0136 0.0692
0.9600 0.0002 0.2431 0.3303
0.9600 0.0056 0.6667 0.1839
0.9888 0.0056 0.7011 0.1456
0.9888 0.0056 0.7329 0.1605
0.9888 0.0220 0.7443 0.1468
0.9888 0.0220 0.7752 0.1404
0.9888 0.0056 0.7609 0.2089
0.9888 0.0056 0.8236 0.1676
0.9888 0.0220 0.8499 0.1462
0.9888 0.0003 0.8492 0.1699
0.9888 0.0056 0.8419 0.1885
0.9888 0.0056 0.8649 0.1631
0.9888 0.0056 0.8729 0.1630
0.9888 0.0220 0.8965 0.1278
0.9888 0.0029 0.8787 0.1746
0.9888 0.0056 0.8689 0.2179
0.9888 0.0860 0.8990 0.1243
0.9888 0.0029 0.9097 0.1182
0.9888 0.0056 0.9159 0.1155
0.9888 0.0003 0.9030 0.1879
0.9888 0.0056 0.9301 0.1074
0.9888 0.0056 0.9130 0.1652
0.9888 0.0056 0.9224 0.1381
0.9888 0.0011 0.8841 0.2064
0.9888 0.6202 0.9351 0.0640
0.9888 0.0029 0.8884 0.1965
0.9888 0.0003 0.9158 0.1362
0.9888 0.0056 0.9134 0.1411
0.9888 0.0011 0.9078 0.1557
0.9888 0.0056 0.9263 0.1090
0.9888 0.8263 0.9431 0.0340
0.9888 0.0056 0.9147 0.1481
0.9888 0.0007 0.9079 0.1634
0.9888 0.0056 0.9211 0.1362
0.9888 0.0056 0.9265 0.1047
0.9888 0.7007 0.9441 0.0348
0.9888 0.0056 0.9274 0.1342
0.9888 0.0057 0.9289 0.0990
0.9888 0.0056 0.9085 0.1469
0.9888 0.0056 0.9020 0.1658
0.9888 0.6617 0.9369 0.0421
0.9888 0.6617 0.9352 0.0474
0.9888 0.0011 0.8862 0.2243
0.9888 0.0056 0.8867 0.2232
0.9888 0.0056 0.9335 0.0971
0.9888 0.0011 0.9146 0.1629
0.9888 0.9080 0.9438 0.0287
0.9888 0.0056 0.9235 0.1328
0.9888 0.0056 0.9035 0.1740
0.9888 0.0056 0.9153 0.1387
0.9888 0.0003 0.9063 0.1638
0.9888 0.0011 0.9165 0.1495
0.9888 0.0003 0.9344 0.1036
0.9888 0.0008 0.9134 0.1861
0.9888 0.8263 0.9462 0.0315
0.9888 0.8263 0.9481 0.0345
0.9888 0.2885 0.9323 0.0951
0.9888 0.0056 0.9173 0.1655
0.9888 0.0002 0.9322 0.1108
0.9888 0.2549 0.9402 0.0876
0.9888 0.7808 0.9490 0.0363
0.9888 0.0003 0.9404 0.0995
0.9888 0.0011 0.9342 0.1365
0.9888 0.0056 0.9389 0.1191
0.9888 0.0056 0.9166 0.1753
0.9888 0.9080 0.9560 0.0283
0.9888 0.0056 0.9416 0.1216
0.9888 0.0002 0.9382 0.1379
0.9888 0.0002 0.9405 0.1373
0.9888 0.0011 0.9419 0.1370
0.9888 0.8054 0.9649 0.0312
0.9888 0.0002 0.9294 0.1675
0.9888 0.8054 0.9667 0.0327
0.9888 0.0056 0.9403 0.1508
0.9888 0.0004 0.9381 0.1509
0.9888 0.0056 0.9515 0.1004
0.9888 0.0014 0.9447 0.1379
0.9888 0.3964 0.9610 0.0628
0.9888 0.0200 0.9524 0.1195
0.9888 0.8462 0.9569 0.0337
0.9888 0.0006 0.9468 0.1381
0.9888 0.0002 0.9393 0.1672
0.9888 0.0056 0.9485 0.1288
0.9888 0.8544 0.9670 0.0321
0.9888 0.8544 0.9688 0.0294
0.9888 0.2718 0.9542 0.1001
0.9888 0.0002 0.9260 0.1845
0.9888 0.0220 0.9532 0.1099
0.9888 0.0056 0.9459 0.1402
0.9888 0.0056 0.9513 0.1191
0.9888 0.0002 0.9638 0.1101
0.9888 0.0005 0.9019 0.2557
0.9888 0.0056 0.9565 0.1430
0.9888 0.0005 0.9419 0.1736
0.9888 0.0056 0.9558 0.1378
0.9888 0.0006 0.9590 0.1386
0.9888 0.0056 0.9555 0.1378
0.9888 0.0033 0.9689 0.0994
0.9412 0.0002 0.0530 0.1614
0.9832 0.0004 0.4555 0.3669
0.9888 0.0217 0.7059 0.2991
0.9888 0.0220 0.8042 0.2132
0.9888 0.0005 0.8074 0.2186
0.9888 0.0220 0.8560 0.1694
0.9888 0.0220 0.8507 0.1715
0.9888 0.0220 0.8858 0.1437
0.9888 0.2619 0.9014 0.0987
0.9888 0.1880 0.8999 0.1219
0.9888 0.0220 0.9127 0.1267
0.9888 0.0056 0.9070 0.1500
0.9888 0.0056 0.9112 0.1277
0.9888 0.0220 0.9148 0.1235
0.9888 0.0014 0.8956 0.1769
0.9888 0.0056 0.9090 0.1674
0.9888 0.6617 0.9354 0.0594
0.9888 0.7822 0.9351 0.0513
0.9888 0.0220 0.9294 0.1033
0.9888 0.0220 0.9390 0.1002
0.9888 0.0056 0.9347 0.1247
0.9888 0.0008 0.9244 0.1485
0.9888 0.0003 0.9159 0.1750
0.9888 0.0002 0.9251 0.1606
0.9888 0.0003 0.9318 0.1385
0.9888 0.7822 0.9476 0.0468
0.9888 0.0056 0.9387 0.1038
0.9888 0.7333 0.9479 0.0435
0.9888 0.0003 0.9418 0.1025
0.9888 0.0056 0.9411 0.1008
0.9888 0.0003 0.9469 0.0986
0.9888 0.7652 0.9610 0.0310
0.9888 0.8462 0.9599 0.0283
0.9888 0.8224 0.9595 0.0296
0.9888 0.8662 0.9600 0.0255
0.9888 0.0003 0.9388 0.1361
0.9888 0.0010 0.9483 0.0982
0.9888 0.0003 0.9475 0.0987
0.9888 0.8980 0.9576 0.0261
0.9888 0.4107 0.9467 0.0723
0.9888 0.0008 0.9380 0.1349
0.9888 0.0008 0.9402 0.1133
0.9888 0.4655 0.9525 0.0562
0.9888 0.4107 0.9463 0.0787
0.9888 0.0008 0.9456 0.1098
0.9888 0.0002 0.9227 0.1582
0.9888 0.0008 0.9365 0.1187
0.9888 0.9012 0.9566 0.0254
0.9888 0.0220 0.9497 0.0960
0.9888 0.0002 0.9509 0.0982
0.9888 0.1837 0.9521 0.0807
0.9888 0.0003 0.9529 0.0985
0.9888 0.0056 0.9515 0.0980
0.9888 0.3670 0.9576 0.0638
0.9888 0.3519 0.9583 0.0653
0.9888 0.0067 0.9567 0.0979
0.9888 0.0147 0.9567 0.0978
0.9888 0.8212 0.9655 0.0270
0.9888 0.9012 0.9677 0.0214
0.9888 0.3818 0.9614 0.0633
0.9888 0.3818 0.9609 0.0625
0.9888 0.0056 0.9598 0.0981
0.9888 0.0002 0.9479 0.1367
0.9888 0.0007 0.9563 0.0987
0.9888 0.0010 0.9210 0.2103
0.9888 0.0010 0.9374 0.1530
0.9888 0.0010 0.9243 0.1972
0.9888 0.9012 0.9720 0.0216
0.9888 0.0002 0.9576 0.1144
0.9888 0.0002 0.9624 0.0984
0.9888 0.8212 0.9691 0.0245
0.9888 0.0083 0.9616 0.0987
0.9888 0.0003 0.9281 0.1998
0.9888 0.0007 0.9484 0.1396
0.9888 0.0003 0.9599 0.1153
0.9888 0.0042 0.9370 0.1794
0.9888 0.0007 0.9466 0.1661
0.9888 0.2718 0.9715 0.0719
0.9888 0.0012 0.9543 0.1571
0.9888 0.9119 0.9806 0.0146
0.9888 0.9119 0.9802 0.0131
0.9888 0.0067 0.9533 0.1377
0.9888 0.2885 0.9704 0.0709
0.9888 0.2718 0.9690 0.0730
0.9888 0.8366 0.9763 0.0222
0.9888 0.8212 0.9765 0.0241
0.9888 0.3818 0.9717 0.0634
0.9888 0.0053 0.9552 0.1291
0.9888 0.0010 0.9515 0.1434
0.9888 0.0002 0.9512 0.1507
0.9888 0.8212 0.9717 0.0363
0.9888 0.0056 0.9606 0.1047
0.9888 0.8000 0.9701 0.0401
0.9888 0.3818 0.9621 0.0701
0.9888 0.3818 0.9662 0.0679
0.9888 0.0007 0.9697 0.1007
0.9888 0.8980 0.9790 0.0247
0.9888 0.4786 0.9735 0.0553
0.9888 0.0002 0.9607 0.1171
0.9888 0.8934 0.9817 0.0186
0.9529 0.0002 0.0352 0.1135
0.9529 0.0003 0.2711 0.3481
0.9829 0.0056 0.6310 0.3475
0.9888 0.0010 0.7732 0.2721
0.9888 0.0056 0.8472 0.1915
0.9888 0.0056 0.8505 0.2028
0.9888 0.0220 0.8953 0.1198
0.9888 0.0056 0.8743 0.1531
0.9888 0.0020 0.8905 0.1671
0.9888 0.6617 0.9137 0.0623
0.9888 0.0002 0.8850 0.1756
0.9888 0.0220 0.9037 0.1125
0.9888 0.0011 0.9097 0.1149
0.9888 0.0220 0.9103 0.1378
0.9888 0.2718 0.9197 0.0886
0.9888 0.0160 0.9088 0.1367
0.9888 0.0003 0.8817 0.1861
0.9888 0.5289 0.9198 0.0675
0.9888 0.0010 0.9172 0.1089
0.9888 0.0122 0.9196 0.1057
0.9888 0.0220 0.9167 0.1385
0.9888 0.7376 0.9413 0.0398
0.9888 0.0056 0.9221 0.1105
0.9888 0.0220 0.9092 0.1664
0.9888 0.6094 0.9429 0.0540
0.9888 0.8054 0.9476 0.0302
0.9888 0.5289 0.9497 0.0506
0.9888 0.0056 0.9339 0.1357
0.9888 0.0010 0.9377 0.1358
0.9888 0.8054 0.9587 0.0330
0.9888 0.0160 0.9361 0.1501
0.9888 0.2718 0.9548 0.0761
0.9888 0.7724 0.9645 0.0308
0.9888 0.7724 0.9657 0.0334
0.9888 0.0003 0.9411 0.1387
0.9888 0.7376 0.9532 0.0495
0.9888 0.7724 0.9515 0.0479
0.9888 0.0056 0.9430 0.1043
0.9888 0.7724 0.9551 0.0363
0.9888 0.0220 0.9462 0.1017
0.9888 0.8212 0.9606 0.0295
0.9888 0.0010 0.9514 0.1009
0.9888 0.7891 0.9610 0.0330
0.9888 0.0007 0.9414 0.1207
0.9888 0.9012 0.9592 0.0261
0.9888 0.0060 0.9578 0.0981
0.9888 0.0003 0.9574 0.0990
0.9888 0.9012 0.9596 0.0257
0.9888 0.9012 0.9602 0.0290
0.9888 0.9012 0.9594 0.0273
0.9888 0.0220 0.9493 0.0975
0.9888 0.9012 0.9611 0.0280
0.9888 0.0007 0.9436 0.1364
0.9888 0.7891 0.9654 0.0291
0.9888 0.0220 0.9574 0.0993
0.9888 0.0007 0.9415 0.1489
0.9888 0.0002 0.9513 0.1359
0.9888 0.0003 0.9528 0.1193
0.9888 0.2718 0.9600 0.0744
0.9888 0.0056 0.9407 0.1390
0.9888 0.4386 0.9547 0.0755
0.9888 0.0007 0.9494 0.1108
0.9888 0.0003 0.9404 0.1408
0.9888 0.0056 0.9397 0.1408
0.9888 0.0007 0.9536 0.1043
0.9888 0.2718 0.9562 0.0772
0.9888 0.8212 0.9657 0.0302
0.9888 0.8212 0.9644 0.0298
0.9888 0.2718 0.9605 0.0737
0.9888 0.2718 0.9635 0.0732
0.9888 0.8934 0.9743 0.0227
0.9888 0.0007 0.9572 0.1366
0.9888 0.0007 0.9615 0.1096
0.9888 0.7724 0.9723 0.0337
0.9888 0.0056 0.9564 0.1363
0.9888 0.0060 0.9660 0.0984
0.9888 0.9012 0.9753 0.0199
0.9888 0.9146 0.9759 0.0183
0.9888 0.0220 0.9650 0.0968
0.9888 0.9012 0.9750 0.0194
0.9888 0.9012 0.9799 0.0159
0.9888 0.0067 0.9715 0.0981
0.9888 0.0007 0.9733 0.0986
0.9888 0.9405 0.9824 0.0129
0.9888 0.9467 0.9826 0.0131
0.9888 0.9467 0.9842 0.0112
0.9888 0.0003 0.9628 0.1378
0.9888 0.0220 0.9733 0.0966
0.9888 0.0008 0.9727 0.0987
0.9888 0.8133 0.9796 0.0258
0.9888 0.0048 0.9622 0.1382
0.9888 0.9146 0.9821 0.0140
0.9888 0.0003 0.9708 0.0987
0.9888 0.0003 0.9695 0.0990
0.9888 0.0007 0.9570 0.1377
0.9888 0.8133 0.9756 0.0251
0.9888 0.9146 0.9799 0.0156
0.9888 0.9146 0.9823 0.0136
0.9888 0.0003 0.9568 0.1543
0.9888 0.2718 0.9770 0.0717
