0.0401 0.0002 0.0042 0.0089
0.0666 0.0004 0.0163 0.0184
0.0950 0.0001 0.0333 0.0230
0.0950 0.0004 0.0372 0.0208
0.0973 0.0008 0.0434 0.0188
0.0973 0.0010 0.0474 0.0228
0.1163 0.0010 0.0552 0.0290
0.1163 0.0010 0.0630 0.0348
0.1163 0.0008 0.0675 0.0347
0.1226 0.0006 0.0598 0.0420
0.1226 0.0010 0.0781 0.0357
0.1749 0.0008 0.0798 0.0416
0.1749 0.0010 0.0698 0.0420
0.1749 0.0010 0.0832 0.0354
0.2314 0.0008 0.0701 0.0482
0.2314 0.0010 0.0810 0.0570
0.2314 0.0010 0.0785 0.0527
0.2314 0.0010 0.0798 0.0535
0.2314 0.0010 0.0914 0.0399
0.2475 0.0010 0.0923 0.0415
0.2542 0.0010 0.0928 0.0548
0.2542 0.0010 0.1036 0.0629
0.2542 0.0010 0.1057 0.0797
0.2542 0.0010 0.1542 0.0756
0.2542 0.0010 0.1779 0.0774
0.2542 0.0214 0.1804 0.0841
0.2542 0.0049 0.2147 0.0629
0.2542 0.0325 0.2159 0.0626
0.2542 0.0010 0.2197 0.0683
0.2542 0.0010 0.1870 0.0915
0.2643 0.1571 0.2380 0.0246
0.2643 0.0030 0.2210 0.0638
0.2643 0.0091 0.2285 0.0534
0.2643 0.0010 0.2237 0.0637
0.2643 0.0091 0.2235 0.0665
0.2643 0.0031 0.2272 0.0609
0.2643 0.0010 0.2277 0.0621
0.2643 0.0048 0.2299 0.0656
0.2643 0.0020 0.2277 0.0734
0.2643 0.0091 0.2339 0.0650
0.2643 0.0010 0.2273 0.0766
0.2643 0.0010 0.2478 0.0491
0.2643 0.0010 0.2057 0.0952
0.2643 0.0010 0.2018 0.0933
0.2643 0.0354 0.2373 0.0552
0.2643 0.0010 0.2332 0.0641
0.2643 0.0010 0.2416 0.0456
0.2643 0.0354 0.2437 0.0446
0.2643 0.0010 0.2295 0.0740
0.2643 0.0091 0.2532 0.0357
0.2643 0.0010 0.2281 0.0787
0.2643 0.0010 0.2379 0.0646
0.2643 0.0019 0.2340 0.0702
0.2643 0.0091 0.2442 0.0495
0.2643 0.0091 0.2284 0.0685
0.2643 0.0048 0.2482 0.0366
0.2643 0.0010 0.2403 0.0527
0.2643 0.0010 0.2248 0.0688
0.2643 0.0194 0.2344 0.0514
0.2643 0.0010 0.2171 0.0745
0.2643 0.0354 0.2399 0.0368
0.2643 0.0092 0.2366 0.0511
0.2643 0.0478 0.2343 0.0547
0.2643 0.0091 0.2284 0.0620
0.2643 0.0219 0.2252 0.0598
0.2643 0.0010 0.2046 0.0857
0.2643 0.0747 0.2379 0.0327
0.2643 0.0354 0.2223 0.0628
0.2643 0.0194 0.2339 0.0517
0.2643 0.0092 0.2287 0.0559
0.2643 0.1189 0.2452 0.0215
0.2643 0.0010 0.2220 0.0677
0.2643 0.0010 0.2375 0.0477
0.2643 0.0534 0.2400 0.0375
0.2643 0.0010 0.2209 0.0691
0.2643 0.0091 0.2384 0.0481
0.2643 0.0091 0.2399 0.0461
0.2643 0.0010 0.2287 0.0693
0.2643 0.0010 0.2339 0.0602
0.2643 0.0091 0.2252 0.0628
0.2643 0.0780 0.2399 0.0434
0.2643 0.0019 0.2315 0.0598
0.2643 0.0833 0.2422 0.0399
0.2643 0.0020 0.2316 0.0638
0.2643 0.0451 0.2383 0.0456
0.2643 0.0213 0.2402 0.0484
0.2643 0.0019 0.2369 0.0555
0.2643 0.0010 0.2281 0.0675
0.2643 0.0780 0.2382 0.0390
0.2643 0.0061 0.2309 0.0632
0.2643 0.0010 0.2356 0.0578
0.2643 0.0010 0.2342 0.0671
0.2643 0.0091 0.2344 0.0633
0.2643 0.0091 0.2379 0.0583
0.2643 0.0031 0.2356 0.0592
0.2643 0.0010 0.2338 0.0609
0.2643 0.1202 0.2539 0.0220
0.2643 0.0010 0.2233 0.0865
0.2643 0.0010 0.2453 0.0509
0.2643 0.0010 0.2350 0.0647
