3.7039 0.0014 0.7186 0.8683
3.9477 0.0479 1.7866 1.1027
4.0275 0.0831 2.1667 1.0507
4.0275 0.2474 2.5335 0.9528
4.0275 0.2474 2.7457 0.9119
4.0275 0.1738 2.8181 0.9621
4.0275 0.4019 3.0808 0.6973
4.0275 0.2474 3.1947 0.6554
4.0275 1.1039 3.3415 0.4732
4.0275 0.2474 3.1860 0.8840
4.0275 0.2474 3.3934 0.6765
4.0275 0.2474 3.3775 0.7078
4.9984 2.2458 3.5490 0.2896
4.9984 0.2474 3.4796 0.6656
4.9984 0.2474 3.3705 0.8640
4.9984 0.2474 3.4436 0.8096
4.9984 0.5819 3.6330 0.7076
5.3562 2.2808 3.7966 0.6317
5.3562 2.6841 3.9451 0.6693
5.3562 0.5679 4.0737 0.8045
5.3562 0.2474 4.2653 1.0079
5.3562 1.7009 4.2653 0.8904
5.5225 1.1811 4.4959 0.9578
5.5225 1.6498 4.6985 0.9202
5.6810 0.8165 4.8522 0.7928
5.6810 3.4595 5.0063 0.5409
5.6810 0.9812 4.9782 0.7042
5.6810 2.4949 5.0262 0.5838
5.6810 1.5114 5.0152 0.6871
5.6810 3.7595 5.1984 0.3342
5.6810 3.0113 5.1846 0.3889
5.8067 4.0275 5.2370 0.2824
5.8067 4.5376 5.2609 0.2478
5.8067 4.4131 5.2313 0.2465
5.8067 4.5879 5.2058 0.2311
5.8067 3.8832 5.1830 0.3123
5.8558 4.0155 5.1969 0.2785
5.8558 4.0155 5.2109 0.2369
5.8558 4.5376 5.2289 0.2274
5.8558 4.4023 5.2332 0.2295
5.8558 4.4701 5.2554 0.2421
5.8558 0.2474 5.1422 0.6817
5.8558 3.5558 5.1166 0.3730
5.8558 1.5016 5.1025 0.5019
5.8558 4.3535 5.1942 0.2527
5.8558 4.2515 5.1267 0.3295
5.8558 3.5983 5.1357 0.3497
5.8558 4.1669 5.1303 0.3309
5.8558 3.6054 5.1634 0.3560
5.8558 4.4487 5.1724 0.3201
5.8558 3.1913 5.1679 0.3741
5.8558 4.0472 5.0908 0.3568
5.8558 4.4487 5.1994 0.2666
5.8558 3.2396 5.1920 0.3449
5.8558 3.2396 5.1628 0.3554
5.8558 1.5324 5.0996 0.5951
5.8558 4.1184 5.1955 0.3594
5.8558 4.1184 5.2177 0.3358
5.8558 4.1184 5.2326 0.2738
5.8558 4.1184 5.2027 0.3111
5.8558 4.1184 5.2127 0.3174
5.8558 2.0723 5.1846 0.5203
5.8558 4.0036 5.2026 0.3493
5.8558 4.2232 5.2907 0.3266
5.8558 3.5659 5.2810 0.4153
5.8558 4.2232 5.3019 0.3773
5.8558 4.1245 5.3519 0.3350
5.8558 4.1245 5.3485 0.3330
5.8558 4.2078 5.3685 0.3016
5.8558 3.9195 5.3626 0.3345
5.8558 4.2078 5.3625 0.2812
5.8558 4.0164 5.3854 0.2773
5.9602 4.3707 5.3659 0.2562
5.9602 0.2891 5.2138 0.8815
5.9674 4.2232 5.3927 0.2259
5.9674 4.2232 5.3694 0.2835
5.9674 3.1913 5.3180 0.4057
5.9674 4.2232 5.3937 0.2696
5.9674 4.4023 5.4574 0.2486
5.9674 4.9950 5.4628 0.2304
5.9674 4.8380 5.4395 0.2381
5.9674 4.2232 5.4012 0.3002
5.9674 4.2232 5.4077 0.3159
5.9674 4.2232 5.3788 0.3172
5.9674 4.5332 5.4182 0.2953
5.9674 4.9950 5.4296 0.2488
5.9674 4.9950 5.4095 0.2419
5.9674 4.9950 5.4363 0.2121
5.9674 4.9950 5.4441 0.2397
5.9674 4.9748 5.4456 0.2349
5.9674 1.6209 5.4328 0.5105
5.9674 4.7564 5.5103 0.2393
5.9674 4.8077 5.5329 0.2332
5.9674 0.2602 5.4840 0.5670
5.9674 4.8077 5.5250 0.2301
5.9674 4.9950 5.5448 0.2250
5.9674 4.4396 5.5636 0.2188
5.9674 3.2610 5.5050 0.3074
5.9674 3.6377 5.4912 0.2937
5.9674 4.5332 5.4675 0.2560
