4.3178 0.0095 0.7098 0.8431
4.6428 0.0817 1.5478 1.1220
4.9490 0.2474 2.2798 1.2336
4.9490 0.0477 2.9776 1.3574
4.9490 0.3288 3.6971 1.1094
5.3462 0.9937 3.8745 0.9894
5.3462 0.1699 4.1320 0.9359
5.4497 1.6393 4.3437 0.6099
5.5370 2.7112 4.4830 0.4699
5.5370 3.2918 4.5439 0.4184
5.5370 3.4885 4.5263 0.4798
5.5370 3.1572 4.5442 0.5109
5.5370 3.1239 4.5063 0.5457
5.5370 1.3008 4.5584 0.5969
5.5370 3.3441 4.5300 0.4869
5.5370 3.3441 4.5224 0.5229
5.5370 3.3797 4.6413 0.5093
5.5370 3.4885 4.6007 0.5418
5.5370 3.3427 4.6630 0.5491
5.5370 3.4885 4.7232 0.5364
5.5579 3.4885 4.7683 0.5574
5.5726 3.2799 4.8079 0.5662
5.5726 1.6216 4.7648 0.7090
5.5726 2.7112 4.8325 0.6354
5.5726 3.4032 4.8526 0.5803
5.5726 3.2116 4.8456 0.6001
5.5726 3.4885 4.8941 0.5604
5.5726 1.2488 4.9303 0.6416
5.5726 3.2318 5.0334 0.5654
5.5726 3.2318 5.0911 0.5155
5.5932 3.3679 5.0391 0.5057
5.5932 3.4592 5.0432 0.5067
5.5932 1.6507 5.0320 0.5941
5.5932 3.6419 5.1450 0.4652
5.5932 4.0386 5.2047 0.3950
5.6316 4.0386 5.2512 0.3781
5.6316 4.1056 5.2786 0.3361
5.6316 4.1056 5.2975 0.3396
5.6316 1.0034 5.2599 0.5916
5.6316 3.0222 5.2884 0.5356
5.6316 1.0216 5.0808 0.9118
5.6316 3.0222 5.2580 0.5685
5.6316 2.7705 5.3070 0.5183
5.6316 3.0222 5.3754 0.3415
5.6316 3.2286 5.3639 0.3574
5.6316 3.0026 5.3036 0.4972
5.6576 3.2286 5.3298 0.4568
5.6576 3.4039 5.3909 0.3595
5.6576 4.3826 5.4266 0.2580
5.6576 4.5815 5.4130 0.2550
5.6576 0.9482 5.3768 0.5076
5.6576 3.0222 5.3916 0.3656
5.6576 3.2160 5.3088 0.4492
5.6576 4.0365 5.3507 0.2925
5.6576 4.5314 5.3473 0.2752
5.6576 3.0026 5.2703 0.3800
5.7185 4.4431 5.2543 0.3165
5.7185 4.5314 5.2933 0.2895
5.7185 3.5536 5.2493 0.3806
5.7185 4.5026 5.3217 0.2926
5.7185 3.7995 5.2821 0.3654
5.7185 3.7995 5.2805 0.3594
5.7185 4.1056 5.2794 0.3707
5.7185 4.0365 5.3086 0.3608
5.7185 1.0714 5.2421 0.5813
5.7185 4.0365 5.3152 0.3730
5.7185 4.1370 5.4095 0.3122
5.7185 3.2222 5.3760 0.4090
5.7185 3.2222 5.4138 0.3822
5.7185 0.9909 5.3591 0.6017
5.7185 3.8283 5.4645 0.3755
5.7185 4.1056 5.5120 0.2535
5.7185 3.7500 5.4426 0.3933
5.7185 2.0739 5.4412 0.4519
5.7185 4.0764 5.4576 0.3358
5.7185 4.6191 5.5185 0.2324
5.7185 4.5314 5.5121 0.2483
5.7185 4.3816 5.5205 0.2413
5.7185 4.5026 5.5215 0.2498
5.7185 0.5759 5.4345 0.6030
5.7185 3.7814 5.4565 0.3831
5.7185 3.8267 5.4724 0.3668
5.7185 4.4354 5.5631 0.2001
5.7185 4.6814 5.5702 0.2002
5.7185 4.6814 5.5631 0.2320
5.7185 3.2222 5.5582 0.3217
5.7185 3.2222 5.5556 0.3218
5.7185 4.8521 5.6063 0.1450
5.7185 3.3747 5.5321 0.3729
5.7185 3.3206 5.5200 0.3882
5.7185 1.6329 5.5225 0.4841
5.7185 4.7698 5.5785 0.2104
5.7185 4.7698 5.6143 0.1481
5.7185 4.1265 5.6079 0.1949
5.7185 4.1265 5.6004 0.2361
5.7185 4.1739 5.5913 0.2345
5.7185 4.8796 5.6395 0.0954
5.7185 4.2342 5.6231 0.2063
5.7185 2.4779 5.5724 0.4575
5.7185 2.4779 5.5511 0.4177
