0.9375 0.0103 0.0586 0.0896
0.9697 0.0103 0.1337 0.2452
0.9697 0.0103 0.4516 0.3984
0.9706 0.0103 0.7670 0.2791
0.9706 0.0103 0.8193 0.2446
0.9706 0.0556 0.8422 0.1999
0.9706 0.0103 0.8552 0.2043
0.9706 0.0103 0.8103 0.2632
0.9706 0.0556 0.8388 0.2056
0.9706 0.0103 0.8710 0.1739
0.9706 0.0103 0.8641 0.1940
0.9706 0.0556 0.8975 0.0938
0.9706 0.0103 0.8506 0.2155
0.9706 0.0103 0.8761 0.1681
0.9706 0.0103 0.8496 0.2268
0.9706 0.0556 0.8870 0.1375
0.9706 0.0103 0.8415 0.2169
0.9706 0.0556 0.8733 0.1552
0.9706 0.0103 0.8692 0.1797
0.9706 0.5217 0.9067 0.0616
0.9706 0.0556 0.8845 0.1584
0.9706 0.0105 0.8822 0.1369
0.9706 0.0103 0.8741 0.1633
0.9706 0.0103 0.8632 0.1953
0.9706 0.0556 0.8920 0.1350
0.9706 0.0103 0.9072 0.1133
0.9706 0.0556 0.8940 0.1383
0.9706 0.0556 0.8902 0.1546
0.9706 0.0556 0.9077 0.0960
0.9706 0.0556 0.9028 0.1094
0.9706 0.0556 0.9055 0.1277
0.9706 0.0556 0.9119 0.0952
0.9706 0.0556 0.8876 0.1565
0.9706 0.7857 0.9168 0.0411
0.9706 0.0556 0.9052 0.1042
0.9706 0.0103 0.8884 0.1815
0.9706 0.0556 0.9121 0.1276
0.9706 0.0103 0.8891 0.1774
0.9706 0.0103 0.8873 0.1641
0.9706 0.6122 0.9167 0.0545
0.9706 0.0103 0.8943 0.1565
0.9706 0.8070 0.9251 0.0421
0.9706 0.0103 0.8980 0.1645
0.9706 0.0103 0.8591 0.2432
0.9706 0.0103 0.8978 0.1638
0.9706 0.8250 0.9391 0.0353
0.9706 0.0103 0.9026 0.1633
0.9706 0.0103 0.9146 0.1372
0.9706 0.0556 0.9057 0.1446
0.9706 0.0556 0.9262 0.1031
0.9706 0.4186 0.9388 0.0697
0.9706 0.0103 0.9374 0.1025
0.9706 0.0103 0.9276 0.1376
0.9706 0.0103 0.9128 0.1801
0.9706 0.0556 0.9260 0.1399
0.9706 0.0556 0.9304 0.1282
0.9706 0.8667 0.9465 0.0314
0.9706 0.0556 0.9368 0.1017
0.9706 0.7857 0.9437 0.0344
0.9706 0.0556 0.9347 0.0977
0.9706 0.0556 0.9344 0.1067
0.9706 0.0103 0.9259 0.1194
0.9706 0.4186 0.9290 0.0831
0.9706 0.4186 0.9309 0.0722
0.9706 0.0103 0.9031 0.1844
0.9706 0.4889 0.9301 0.0707
0.9706 0.4186 0.9288 0.0668
0.9706 0.0104 0.8954 0.1710
0.9706 0.0103 0.9137 0.1491
0.9706 0.7857 0.9423 0.0412
0.9706 0.5217 0.9434 0.0536
0.9706 0.0103 0.9275 0.1130
0.9706 0.0556 0.9293 0.1090
0.9706 0.0556 0.9026 0.1788
0.9706 0.0556 0.9299 0.1002
0.9706 0.0103 0.9255 0.1331
0.9706 0.8250 0.9447 0.0346
0.9706 0.0556 0.9256 0.1430
0.9706 0.0104 0.9156 0.1654
0.9706 0.0103 0.9220 0.1398
0.9706 0.0103 0.9300 0.1321
0.9706 0.4186 0.9369 0.0759
0.9706 0.8667 0.9518 0.0290
0.9706 0.0556 0.9380 0.1091
0.9706 0.0556 0.9484 0.0938
0.9706 0.8919 0.9615 0.0191
0.9706 0.0103 0.9380 0.1445
0.9706 0.0103 0.9420 0.1354
0.9706 0.0103 0.9256 0.1643
0.9706 0.0556 0.9394 0.1292
0.9706 0.0103 0.9371 0.1327
0.9706 0.0103 0.9363 0.1330
0.9706 0.0103 0.9412 0.1008
0.9706 0.5833 0.9458 0.0542
0.9706 0.0103 0.9332 0.1333
0.9706 0.0103 0.9375 0.0995
0.9706 0.0103 0.8946 0.2047
0.9706 0.7857 0.9322 0.0452
0.9706 0.0103 0.9106 0.1449
0.9706 0.4889 0.9311 0.0679
