3.6185 0.0014 0.4732 0.6388
4.2391 0.0911 1.1808 1.0959
4.3674 0.0693 2.1189 1.2152
4.6126 0.0911 2.5845 1.2138
4.7439 0.2474 2.9813 1.1810
5.1458 0.9810 3.4201 0.8260
5.1458 1.5561 3.6336 0.7116
5.1458 1.5378 3.7802 0.6172
5.1642 2.2721 3.8547 0.5006
5.1642 0.2474 3.8191 0.6096
5.1642 2.4499 3.9160 0.4686
5.1642 0.2474 3.9649 0.6914
5.1642 0.2474 3.9250 0.6005
5.1642 2.2721 4.0488 0.5462
5.1642 2.1683 4.0551 0.6095
5.1642 3.3763 4.1450 0.5398
5.1642 3.4022 4.2164 0.5048
5.1642 2.3416 4.2849 0.5378
5.1642 3.3580 4.3840 0.5062
5.3287 2.1560 4.3978 0.6299
5.3287 3.3783 4.5042 0.4987
5.3287 2.4264 4.5144 0.5241
5.5206 3.3679 4.5307 0.5339
5.5206 3.3679 4.5843 0.5085
5.5206 0.2474 4.5043 0.6708
5.5206 3.6432 4.5787 0.4590
5.5206 0.2474 4.4651 0.7397
5.5206 2.3236 4.5036 0.5480
5.5206 2.4345 4.5985 0.5712
5.5206 3.3501 4.7034 0.5152
5.5206 0.2474 4.6418 0.8400
5.5206 0.2474 4.7323 0.8224
5.5206 0.2474 4.8013 0.9056
5.5418 3.7595 5.0318 0.4247
5.5418 0.5133 5.0290 0.6352
5.5418 3.5207 5.0755 0.5020
5.5418 3.5917 5.1904 0.3611
5.5418 4.0521 5.1970 0.2925
5.5418 3.2116 5.1961 0.3466
5.5418 0.2474 5.1274 0.5800
5.5739 3.6198 5.1202 0.3860
5.5739 3.8649 5.1862 0.3502
5.5739 2.4142 5.1785 0.4452
5.5739 0.5050 5.0565 0.7429
5.5739 1.5859 5.1167 0.5344
5.6981 4.6885 5.2337 0.2463
5.6981 2.4142 5.2332 0.3659
5.6981 3.2302 5.2397 0.3413
5.6981 3.2116 5.2280 0.3812
5.6981 4.2635 5.2819 0.2538
5.6981 4.9411 5.3564 0.1753
5.6981 4.4578 5.3576 0.2061
5.6981 4.0008 5.3418 0.2946
5.6981 4.0047 5.3037 0.3654
5.6981 4.0047 5.2904 0.3826
5.6981 3.5946 5.3367 0.3376
5.6981 2.5123 5.2748 0.4689
5.6981 1.0395 5.2606 0.6759
5.6981 3.2302 5.3891 0.3269
5.6981 4.8568 5.4599 0.1601
5.6981 3.2302 5.4215 0.3394
5.6981 0.3665 5.3304 0.7674
5.6981 4.0076 5.4676 0.2738
5.6981 1.5859 5.3204 0.7647
5.6981 1.0911 5.2890 0.8357
5.6981 1.3395 5.3261 0.6282
5.6981 2.5123 5.3062 0.5786
5.6981 2.4502 5.3311 0.5995
5.6981 4.0513 5.4877 0.2345
5.6981 3.9399 5.4763 0.2777
5.6981 3.9399 5.4835 0.2852
5.6981 4.0076 5.4844 0.2916
5.6981 4.0076 5.4920 0.2816
5.6981 3.5954 5.4917 0.2948
5.6981 3.6024 5.4624 0.3150
5.6981 0.9568 5.4557 0.5020
5.6981 4.6885 5.5108 0.1206
5.6981 3.2146 5.4115 0.4300
5.6981 3.9399 5.4588 0.2551
5.6981 3.9399 5.4848 0.2200
5.6981 3.9399 5.5096 0.1956
5.6981 2.5123 5.4508 0.4436
5.6981 3.9399 5.4748 0.2840
5.6981 3.9399 5.5025 0.2065
5.6981 3.6170 5.4116 0.4232
5.6981 3.7907 5.4095 0.3961
5.6981 4.4696 5.4847 0.2285
5.6981 1.5016 5.3870 0.5635
5.6981 3.2208 5.3968 0.4353
5.6981 1.3235 5.3395 0.6426
5.6981 3.2208 5.4893 0.3108
5.6981 4.2213 5.5184 0.1875
5.6981 2.4502 5.4898 0.3657
5.6981 3.9462 5.5058 0.2665
5.6981 3.6024 5.4709 0.3555
5.6981 4.1496 5.4849 0.2884
5.6981 1.5016 5.4418 0.4783
5.6981 1.2205 5.4015 0.6208
5.6981 3.5341 5.4622 0.3462
5.6981 4.2098 5.4924 0.2177
