2.2164 0.0030 0.1229 0.3703
2.6890 0.0057 1.3548 0.7382
2.7555 0.2008 1.6851 0.5932
2.9014 0.2008 1.8907 0.5491
2.9014 0.1588 1.9932 0.5318
2.9014 0.7754 2.1417 0.4176
2.9014 0.0096 2.2120 0.4942
2.9014 0.0032 2.2775 0.5150
2.9014 0.7965 2.3689 0.4287
2.9014 0.8515 2.4478 0.3643
2.9014 0.0877 2.4233 0.5233
2.9014 0.7624 2.5567 0.3532
2.9014 0.8786 2.5410 0.3748
2.9014 0.7576 2.5760 0.3583
2.9014 2.1976 2.6582 0.1785
2.9014 1.9563 2.6600 0.1880
3.0451 1.9563 2.6577 0.1987
3.0451 0.0096 2.6712 0.3134
3.0451 2.1976 2.7304 0.1167
3.0451 2.4251 2.7464 0.1025
3.0451 1.3337 2.7096 0.1994
3.0451 1.3760 2.7307 0.1881
3.0451 2.4251 2.7562 0.1275
3.0451 2.4251 2.7817 0.1204
3.0451 2.4251 2.7584 0.1252
3.0451 2.4602 2.7788 0.1137
3.0451 2.5035 2.7970 0.1074
3.0451 2.5035 2.7819 0.1082
3.0451 1.3760 2.7459 0.1959
3.0451 0.7576 2.7413 0.2380
3.0451 2.2090 2.7533 0.1497
3.0451 2.1897 2.7715 0.1474
3.0451 1.3801 2.7623 0.2165
3.0451 1.8930 2.8068 0.1864
3.0451 0.9657 2.7988 0.2711
3.0451 1.5131 2.8136 0.1966
3.2444 0.0096 2.8048 0.3211
3.2444 2.4617 2.8561 0.1418
3.2444 2.5419 2.8694 0.1443
3.2444 2.4470 2.8837 0.1662
3.2444 2.4470 2.8988 0.1695
3.2444 2.4470 2.9353 0.1566
3.2444 2.4470 2.9297 0.1496
3.2444 0.0877 2.8973 0.4319
3.2444 2.2340 2.9444 0.1759
3.2444 2.2340 2.9533 0.1825
3.2444 2.5160 3.0054 0.1534
3.2444 0.7576 2.9893 0.2685
3.2444 2.4789 3.0137 0.1490
3.2444 2.4789 3.0433 0.1344
3.2444 0.0877 2.9991 0.3908
3.2444 1.3526 3.0186 0.2255
3.2444 2.6227 3.0404 0.1416
3.2444 2.6227 3.0286 0.1418
3.2444 2.6732 3.0012 0.1454
3.2444 2.6732 2.9993 0.1366
3.2444 2.7325 3.0214 0.1359
3.2444 2.6736 3.0225 0.1525
3.2444 2.3970 3.0179 0.1821
3.2444 0.0096 2.8552 0.6117
3.2444 2.2235 2.9858 0.2057
3.2444 2.3176 2.9956 0.1828
3.2444 0.1039 2.9671 0.4061
3.2444 2.3176 3.0233 0.2057
3.2444 0.7984 2.9995 0.3142
3.2444 2.2335 3.0077 0.2390
3.2444 0.0877 2.9330 0.5389
3.2444 0.7576 2.9738 0.4282
3.2444 0.7576 3.0020 0.4214
3.2444 0.1039 2.9806 0.5182
3.2444 0.7576 3.0619 0.2652
3.2444 2.6213 3.0855 0.1378
3.2444 2.7851 3.1033 0.1293
3.2444 2.7539 3.0883 0.1361
3.2444 2.6736 3.0897 0.1418
3.2444 2.6296 3.1076 0.1375
3.2459 0.0032 2.9793 0.5729
3.2459 0.9182 3.0896 0.2587
3.2459 2.7766 3.1419 0.1350
3.2459 2.8409 3.1318 0.1341
3.2459 2.7587 3.1258 0.1267
3.2459 2.7308 3.0988 0.1464
3.2459 2.7279 3.1230 0.1339
3.2459 2.6779 3.1001 0.1416
3.2459 2.6779 3.1068 0.1513
3.2459 2.6004 3.1101 0.1448
3.2459 0.0184 3.0937 0.3393
3.2459 0.1039 3.0937 0.3252
3.2459 0.7755 3.1231 0.2570
3.2459 2.8107 3.1416 0.1158
3.2459 2.6296 3.1260 0.1274
3.2459 1.0794 3.0944 0.2968
3.2577 1.3123 3.0880 0.2879
3.2577 2.5809 3.1359 0.1396
3.2936 2.6420 3.1396 0.1261
3.3015 2.4721 3.1227 0.1626
3.3015 0.0097 3.0894 0.3532
3.3662 2.4487 3.1250 0.1705
3.3662 2.6026 3.1369 0.1660
3.3662 0.0883 3.1111 0.3443
