3.4583 0.0005 0.7793 0.8215
3.4583 0.0023 1.2125 0.9439
3.4583 0.0042 1.5150 1.0040
3.4583 0.0035 1.7176 1.1033
3.4583 0.0026 2.3193 0.9518
3.4608 0.0033 2.5172 0.9082
3.4608 0.3736 2.5830 0.8563
3.4608 0.3736 2.7568 0.7985
3.4608 0.3736 2.7995 0.7537
3.4608 0.0641 2.8485 0.8190
3.4608 0.3736 2.9634 0.5633
3.4608 1.0550 3.1333 0.3477
3.4608 0.3736 3.0944 0.4269
3.4608 0.3736 3.1202 0.3668
3.4608 2.0037 3.1567 0.2157
3.4608 0.3736 3.1370 0.3608
3.4608 2.6547 3.2028 0.1798
3.4608 1.8580 3.1867 0.2108
3.4608 1.8580 3.2010 0.2060
3.4608 0.3736 3.1550 0.4394
3.4608 0.3736 3.1073 0.4733
3.4608 0.3736 3.1800 0.3210
3.4608 1.0090 3.1767 0.2629
3.4608 0.0057 3.1613 0.4084
3.4608 2.2244 3.2072 0.1613
3.4608 0.3736 3.1449 0.3828
3.4608 2.2105 3.1960 0.2142
3.4608 2.0261 3.2093 0.1741
3.4608 0.3736 3.1884 0.3147
3.4608 2.6779 3.2008 0.1634
3.4608 2.7809 3.2092 0.1576
3.4608 2.6709 3.2079 0.1672
3.4608 0.3736 3.1902 0.3158
3.4608 0.3736 3.1998 0.3088
3.4608 2.7809 3.2410 0.1089
3.4608 2.7809 3.2523 0.0916
3.4608 0.3736 3.2153 0.3068
3.4608 0.0168 3.1048 0.5981
3.4608 0.3736 3.1367 0.5267
3.4608 1.6069 3.2018 0.2631
3.4608 0.3736 3.2113 0.3165
3.4608 0.3736 3.1979 0.3165
3.4608 1.2975 3.1959 0.2399
3.4608 2.8046 3.2193 0.1394
3.4608 2.7956 3.2120 0.1415
3.4608 1.1070 3.2101 0.2423
3.4608 1.4367 3.1988 0.2683
3.4608 0.3736 3.1674 0.4483
3.4608 0.3736 3.2272 0.3066
3.4608 0.3736 3.2209 0.2982
3.4608 2.7056 3.2552 0.0801
3.4608 2.7956 3.2403 0.0844
3.4608 2.8046 3.2426 0.0844
3.4608 0.3735 3.2184 0.2970
3.4608 2.8920 3.2401 0.0795
3.4608 2.0494 3.2326 0.1395
3.4608 0.8215 3.1924 0.3003
3.4608 1.2975 3.1931 0.2866
3.4608 0.3736 3.1580 0.3681
3.4608 2.2290 3.2279 0.1506
3.4608 2.7056 3.2301 0.1116
3.4608 0.2825 3.2141 0.3110
3.4608 0.2825 3.1534 0.4642
3.4608 1.5942 3.2123 0.2565
3.4608 0.3736 3.1901 0.3654
3.4608 1.9645 3.2404 0.1431
3.4608 0.3736 3.2248 0.2922
3.4608 1.6132 3.2375 0.1742
3.4608 2.9543 3.2439 0.0724
3.4608 2.8046 3.2518 0.0790
3.4608 0.3736 3.1934 0.3182
3.4608 0.3736 3.2033 0.3220
3.4608 0.3735 3.1961 0.3375
3.4608 2.9418 3.2488 0.0869
3.4608 0.3736 3.2093 0.3017
3.4608 2.9418 3.2380 0.0946
3.4608 2.9567 3.2268 0.1081
3.4608 0.0229 3.2045 0.3419
3.4608 0.3736 3.1995 0.3126
3.4608 2.8057 3.2220 0.1322
3.4608 0.3736 3.1486 0.4348
3.4608 1.8994 3.1799 0.2216
3.4608 2.8920 3.2133 0.1357
3.4608 2.7056 3.2068 0.1482
3.4608 0.9335 3.1740 0.3184
3.4608 2.8102 3.2350 0.1320
3.4608 2.8046 3.2254 0.1431
3.4608 0.0117 3.1971 0.3505
3.4608 0.3736 3.1900 0.3120
3.4608 2.8920 3.2231 0.1116
3.4608 0.3736 3.1973 0.3074
3.4608 0.0115 3.1885 0.3426
3.4608 2.8920 3.2389 0.1189
3.4608 0.3736 3.1925 0.3896
3.4608 0.8215 3.2119 0.2771
3.4608 2.7056 3.2279 0.1462
3.4608 2.7056 3.2334 0.1364
3.4608 0.3736 3.1953 0.3231
3.4608 2.7056 3.2115 0.1681
3.4608 0.3736 3.2183 0.3058
