1.3839 0.0007 0.1697 0.1417
1.3839 0.0007 0.1737 0.1512
1.3839 0.0007 0.1737 0.1512
1.3839 0.0007 0.1746 0.1512
1.3839 0.0007 0.1740 0.1513
1.3839 0.0007 0.1750 0.1513
1.3839 0.0007 0.1750 0.1513
1.3839 0.0007 0.1740 0.1513
1.3839 0.0007 0.1743 0.1514
1.3839 0.0007 0.1753 0.1514
0.7024 0.0007 0.1646 0.0909
0.7024 0.0007 0.1648 0.0910
0.7024 0.0007 0.1658 0.0912
0.7024 0.0007 0.1668 0.0915
0.7024 0.0007 0.1688 0.0919
0.7024 0.0007 0.1688 0.0919
0.7024 0.0007 0.1688 0.0919
0.7024 0.0007 0.1698 0.0921
0.7024 0.0007 0.1720 0.0911
0.7024 0.0007 0.1731 0.0913
0.7024 0.0007 0.1731 0.0913
0.7024 0.0007 0.1745 0.0897
0.7024 0.0007 0.1755 0.0899
0.7024 0.0007 0.1788 0.0884
0.7024 0.0007 0.1789 0.0885
0.7024 0.0007 0.1789 0.0885
0.7024 0.0007 0.1813 0.0869
0.7024 0.0007 0.1823 0.0870
0.7024 0.0007 0.1833 0.0870
0.7024 0.0007 0.1834 0.0870
0.7024 0.0007 0.1834 0.0870
0.7024 0.0007 0.1824 0.0870
0.7024 0.0007 0.1834 0.0870
0.7024 0.0007 0.1845 0.0871
0.7024 0.0007 0.1854 0.0872
0.7024 0.0007 0.1854 0.0871
0.7024 0.0007 0.1854 0.0871
0.7024 0.0008 0.1877 0.0852
0.7024 0.0008 0.1901 0.0833
0.7024 0.0008 0.1911 0.0833
0.7024 0.0008 0.1937 0.0812
0.7024 0.0008 0.1947 0.0811
0.7024 0.0008 0.1947 0.0811
0.7024 0.0008 0.1956 0.0810
0.7024 0.0008 0.1966 0.0809
0.7024 0.0008 0.1968 0.0809
0.7024 0.0008 0.1969 0.0810
0.7024 0.0008 0.1969 0.0810
0.7024 0.0008 0.1972 0.0811
0.7024 0.0008 0.1972 0.0811
0.7024 0.0008 0.1962 0.0812
0.7024 0.0008 0.1984 0.0793
0.7024 0.0008 0.1993 0.0790
0.7024 0.0008 0.2006 0.0790
0.7024 0.0008 0.2030 0.0765
0.7024 0.0008 0.2030 0.0765
0.7024 0.0166 0.2061 0.0735
0.7024 0.0166 0.2063 0.0735
0.7024 0.0166 0.2073 0.0733
0.7024 0.0166 0.2074 0.0733
0.7024 0.0166 0.2074 0.0733
0.7024 0.0166 0.2084 0.0731
0.7024 0.0166 0.2085 0.0731
0.7024 0.0166 0.2085 0.0731
0.7024 0.0166 0.2085 0.0731
0.7024 0.0166 0.2086 0.0731
0.7024 0.0166 0.2086 0.0731
0.7024 0.0166 0.2105 0.0705
0.7024 0.0166 0.2115 0.0702
0.7024 0.0166 0.2114 0.0702
0.7024 0.0166 0.2115 0.0702
0.2492 0.0166 0.2069 0.0500
0.2492 0.0166 0.2069 0.0500
0.2492 0.0166 0.2077 0.0495
0.2492 0.0166 0.2076 0.0495
0.2492 0.0166 0.2076 0.0495
0.2492 0.0166 0.2076 0.0495
0.2492 0.0166 0.2069 0.0500
0.2492 0.0166 0.2069 0.0500
0.2492 0.0166 0.2071 0.0501
0.2492 0.0166 0.2072 0.0501
0.2492 0.0166 0.2072 0.0501
0.2492 0.0166 0.2072 0.0501
0.2492 0.0166 0.2073 0.0502
0.2492 0.0166 0.2076 0.0503
0.2492 0.0166 0.2069 0.0508
0.2492 0.0166 0.2069 0.0508
0.3425 0.0166 0.2083 0.0519
0.3425 0.0166 0.2083 0.0519
0.3425 0.0166 0.2093 0.0515
0.3425 0.0166 0.2093 0.0515
0.3425 0.0166 0.2086 0.0520
0.3425 0.0166 0.2108 0.0483
0.3425 0.0166 0.2098 0.0488
0.3425 0.0166 0.2098 0.0488
0.3425 0.0166 0.2092 0.0493
0.3425 0.0166 0.2084 0.0498
0.3425 0.0166 0.2094 0.0494
0.3425 0.0166 0.2094 0.0494
0.3425 0.0166 0.2084 0.0498
0.3425 0.0166 0.2074 0.0502
0.3425 0.0166 0.2083 0.0498
0.3425 0.0166 0.2093 0.0493
0.3425 0.0166 0.2094 0.0494
0.3425 0.0166 0.2105 0.0490
0.3425 0.0166 0.2105 0.0490
0.3425 0.0166 0.2115 0.0485
0.3425 0.0166 0.2115 0.0485
0.3425 0.0166 0.2115 0.0485
0.3425 0.0166 0.2115 0.0485
0.3425 0.0166 0.2115 0.0485
0.3425 0.0166 0.2126 0.0481
0.3425 0.0166 0.2136 0.0475
0.3425 0.0166 0.2146 0.0470
0.3425 0.0166 0.2154 0.0464
0.3425 0.0166 0.2153 0.0464
0.3425 0.0166 0.2143 0.0470
0.3425 0.0166 0.2134 0.0474
0.3425 0.0166 0.2144 0.0469
0.3425 0.0166 0.2144 0.0469
1.3047 0.0166 0.2261 0.1179
1.3047 0.0166 0.2253 0.1182
1.3047 0.0166 0.2253 0.1182
1.3047 0.0166 0.2253 0.1182
1.3047 0.0166 0.2262 0.1179
1.3047 0.0166 0.2262 0.1179
1.3047 0.0166 0.2262 0.1179
1.3047 0.0166 0.2262 0.1179
1.3047 0.0166 0.2262 0.1179
1.7595 0.0166 0.2567 0.2449
1.7595 0.0166 0.2577 0.2447
1.7595 0.0166 0.2577 0.2447
1.7595 0.0166 0.2587 0.2444
1.7595 0.0166 0.2586 0.2444
1.7595 0.0166 0.2586 0.2444
1.7595 0.1378 0.2605 0.2432
1.7595 0.1378 0.2615 0.2429
1.7595 0.1378 0.2625 0.2426
1.7595 0.1378 0.2635 0.2423
1.7595 0.1378 0.2635 0.2423
1.7595 0.1378 0.2635 0.2423
1.7595 0.1378 0.2648 0.2419
1.7595 0.1378 0.2647 0.2419
1.7595 0.1378 0.2647 0.2419
1.7595 0.1378 0.2647 0.2419
1.7595 0.1378 0.2647 0.2419
1.7595 0.1378 0.2647 0.2419
1.7595 0.1378 0.2791 0.2781
1.7595 0.1378 0.2791 0.2781
1.7595 0.1378 0.2801 0.2777
1.7595 0.1378 0.2799 0.2778
1.7595 0.1378 0.2789 0.2781
1.7595 0.1378 0.2799 0.2778
1.7595 0.1378 0.2810 0.2774
1.7595 0.1378 0.2808 0.2775
1.7595 0.1378 0.2808 0.2775
1.7595 0.1378 0.2812 0.2774
1.7595 0.1378 0.2812 0.2774
1.7595 0.1378 0.2660 0.2343
1.7595 0.1378 0.2660 0.2343
1.7595 0.1378 0.2650 0.2346
1.7595 0.1378 0.2661 0.2343
1.7595 0.1378 0.2661 0.2343
1.7595 0.1378 0.2651 0.2346
1.7595 0.1378 0.2661 0.2343
1.7595 0.1378 0.2657 0.2344
1.7595 0.1378 0.2667 0.2340
1.7595 0.1363 0.2657 0.2344
1.7595 0.1363 0.2660 0.2343
1.7595 0.1363 0.2653 0.2346
1.7595 0.1363 0.2641 0.2349
1.7595 0.1363 0.2641 0.2349
1.7595 0.1363 0.2632 0.2352
1.7595 0.1363 0.2632 0.2352
1.7595 0.1363 0.2633 0.2352
1.7595 0.1363 0.2635 0.2352
1.7595 0.1363 0.2635 0.2352
1.7595 0.1363 0.2635 0.2352
1.7595 0.1363 0.2636 0.2352
1.7595 0.1363 0.2633 0.2352
1.7595 0.1363 0.2634 0.2352
1.7595 0.1363 0.2635 0.2352
1.7595 0.1363 0.2760 0.2652
1.7595 0.1363 0.2751 0.2655
1.7595 0.1363 0.2751 0.2655
1.7595 0.1363 0.2751 0.2655
1.7595 0.1363 0.2751 0.2655
1.7595 0.1378 0.2761 0.2652
1.7595 0.1378 0.2761 0.2652
1.7595 0.1378 0.2761 0.2652
1.7595 0.1378 0.2752 0.2655
1.7595 0.1378 0.2752 0.2655
1.7595 0.1378 0.2763 0.2652
1.7595 0.1378 0.2763 0.2652
1.7595 0.1378 0.2761 0.2652
1.7595 0.1378 0.2751 0.2655
1.7595 0.1378 0.2751 0.2655
1.7595 0.1378 0.2741 0.2659
4.0427 0.1378 0.3502 0.5907
4.0427 0.1378 0.3512 0.5904
4.0427 0.1378 0.3514 0.5904
4.0427 0.1378 0.3640 0.6011
4.0427 0.1378 0.3724 0.6052
4.0427 0.1378 0.3724 0.6052
4.0427 0.1378 0.3734 0.6048
4.0427 0.1378 0.4115 0.7063
4.0427 0.1378 0.4113 0.7063
4.0427 0.1378 0.4122 0.7060
4.0427 0.1378 0.4122 0.7060
4.0427 0.1378 0.4123 0.7060
4.0427 0.1378 0.4116 0.7063
4.0427 0.1378 0.4116 0.7063
4.0427 0.1378 0.4256 0.7166
4.0427 0.1378 0.4276 0.7160
4.0427 0.1378 0.4276 0.7160
4.0427 0.1378 0.4266 0.7163
4.0427 0.1378 0.4279 0.7159
4.0427 0.1378 0.4438 0.7299
4.0427 0.1378 0.4439 0.7299
4.0427 0.1378 0.4439 0.7299
4.0427 0.1378 0.4449 0.7295
4.0427 0.1378 0.4449 0.7295
4.0427 0.1378 0.4449 0.7295
4.0427 0.1378 0.4449 0.7295
4.0427 0.1378 0.4452 0.7294
4.0427 0.1378 0.4462 0.7291
4.0427 0.1378 0.4462 0.7291
4.0427 0.1378 0.4454 0.7294
4.0427 0.1378 0.4464 0.7290
4.0427 0.1378 0.4464 0.7290
4.0427 0.1378 0.4845 0.8117
4.0427 0.1378 0.4900 0.8172
4.0427 0.1378 0.4900 0.8172
4.0427 0.1378 0.4900 0.8172
4.0427 0.1378 0.4900 0.8172
4.0427 0.1378 0.4900 0.8172
4.0427 0.1378 0.4901 0.8172
4.0427 0.1378 0.5036 0.8240
4.0427 0.1378 0.5046 0.8236
4.0427 0.1378 0.5046 0.8236
4.0427 0.1378 0.5045 0.8239
4.0427 0.1378 0.4655 0.7439
4.0427 0.1378 0.5035 0.8242
4.0427 0.1378 0.5045 0.8239
4.0427 0.1378 0.5042 0.8240
4.0427 0.1378 0.5054 0.8235
4.0427 0.1378 0.5056 0.8235
4.0427 0.1378 0.5046 0.8238
4.0427 0.1378 0.5047 0.8238
4.0793 0.1378 0.5431 0.8968
4.0793 0.1378 0.5421 0.8972
4.0793 0.1378 0.5411 0.8976
4.0793 0.1378 0.5412 0.8976
4.0793 0.1378 0.5796 0.9635
4.0793 0.1378 0.5806 0.9631
4.0793 0.1378 0.5806 0.9631
4.0793 0.1378 0.5797 0.9635
4.0793 0.1378 0.5797 0.9635
4.0793 0.1378 0.5801 0.9634
4.0793 0.1378 0.6184 1.0223
4.0793 0.1378 0.6194 1.0219
4.0793 0.1378 0.6277 1.0222
4.0793 0.1378 0.6803 1.1230
4.0793 0.1378 0.6803 1.1230
4.0793 0.1378 0.6828 1.1253
4.0793 0.1378 0.7008 1.1253
4.0793 0.1378 0.7008 1.1253
4.0793 0.1378 0.7008 1.1253
4.0793 0.1378 0.7018 1.1248
4.0793 0.1378 0.7400 1.1718
4.0793 0.1378 0.7129 1.1265
4.0793 0.1378 0.7298 1.1256
4.0793 0.1378 0.7297 1.1256
4.0793 0.1378 0.7444 1.1294
4.0793 0.1378 0.7441 1.1295
4.0793 0.1378 0.7441 1.1295
4.0793 0.1378 0.7441 1.1295
4.0793 0.1378 0.7442 1.1295
4.0793 0.1378 0.7441 1.1295
4.0793 0.1378 0.7452 1.1290
4.0793 0.1378 0.7835 1.1752
4.0793 0.1378 0.7835 1.1752
4.0793 0.1378 0.7853 1.1758
4.0793 0.1378 0.8244 1.2178
4.0793 0.1378 0.8402 1.2103
4.0793 0.1378 0.8413 1.2097
4.0793 0.1378 0.8422 1.2092
4.0793 0.1378 0.8563 1.2103
4.0793 0.1378 0.8563 1.2103
4.0793 0.1378 0.8562 1.2103
4.0793 0.1378 0.8562 1.2103
4.0793 0.1378 0.8562 1.2103
4.0793 0.1378 0.8562 1.2103
4.0793 0.1378 0.9046 1.2702
4.0793 0.1378 0.9143 1.2921
4.0793 0.1378 0.9430 1.3087
4.0793 0.1378 0.9764 1.3329
4.0793 0.1378 0.9764 1.3330
4.0793 0.1378 0.9764 1.3330
4.0793 0.1378 1.0195 1.3754
4.0793 0.1378 1.0197 1.3753
4.0793 0.1378 1.0355 1.3753
4.0793 0.1378 1.0356 1.3753
4.0793 0.1378 1.0736 1.4050
4.0793 0.1378 1.1127 1.4325
4.0793 0.1378 1.1138 1.4317
4.0793 0.1378 1.1142 1.4315
4.0793 0.1378 1.1140 1.4316
4.0793 0.1378 1.1130 1.4323
4.0793 0.1378 1.1212 1.4296
4.0812 0.1378 1.1213 1.4298
4.0812 0.1378 1.1213 1.4298
4.0812 0.1378 1.1219 1.4301
4.0812 0.1378 1.0843 1.4020
4.0812 0.1378 1.0982 1.4005
4.0793 0.1378 1.0745 1.3696
4.0793 0.1378 1.0605 1.3709
4.0793 0.1378 1.0605 1.3709
4.0793 0.1378 1.0605 1.3709
4.0793 0.1378 1.1213 1.4298
4.0793 0.1378 1.1203 1.4305
4.0793 0.1378 1.1584 1.4569
4.0793 0.1378 1.1689 1.4548
4.0793 0.1378 1.1804 1.4519
4.0793 0.1378 1.2187 1.4762
4.0793 0.1378 1.2197 1.4755
4.0793 0.1378 1.2197 1.4755
4.0793 0.1378 1.2419 1.5010
4.0793 0.1378 1.2799 1.5232
4.0793 0.1378 1.2790 1.5238
4.0793 0.1378 1.3172 1.5446
4.0793 0.1378 1.3172 1.5445
4.0793 0.1378 1.3182 1.5438
4.0793 0.1378 1.3559 1.5628
4.0793 0.1378 1.3699 1.5589
4.0793 0.1378 1.3699 1.5589
4.0793 0.1378 1.3585 1.5630
4.0793 0.1378 1.3339 1.5400
4.0793 0.1378 1.3719 1.5594
4.0793 0.1378 1.3719 1.5594
4.0793 0.1378 1.3737 1.5581
4.0807 0.1378 1.3741 1.5587
4.0807 0.1378 1.3742 1.5587
4.0807 0.1378 1.3732 1.5594
4.0807 0.1378 1.3973 1.5819
4.0807 0.1378 1.3973 1.5819
4.0807 0.1378 1.3974 1.5818
4.0807 0.1378 1.4351 1.5987
4.0807 0.1378 1.4362 1.5980
4.0807 0.1378 1.4357 1.5973
4.0807 0.1378 1.4358 1.5974
4.0807 0.1378 1.4499 1.5929
4.0807 0.1378 1.4501 1.5933
4.0807 0.1378 1.4881 1.6093
4.0807 0.1378 1.4881 1.6093
4.0807 0.1378 1.4881 1.6093
4.0807 0.1378 1.5179 1.6290
4.0870 0.1378 1.5180 1.6291
4.0870 0.1378 1.5181 1.6293
4.0870 0.1378 1.5181 1.6293
4.0870 0.1378 1.5402 1.6488
4.0870 0.1378 1.5401 1.6489
4.0870 0.1378 1.5566 1.6438
4.0870 0.1378 1.5577 1.6430
4.0870 0.1378 1.5875 1.6606
4.0870 0.1378 1.6484 1.6900
4.1133 0.1378 1.6871 1.7015
4.1133 0.1378 1.7538 1.7241
4.1133 0.1378 1.7537 1.7242
4.1133 0.1378 1.7547 1.7232
4.1133 0.1378 1.7704 1.7165
4.1582 0.1378 1.7709 1.7171
4.1582 0.1378 1.7716 1.7164
4.1582 0.1378 1.7951 1.7099
4.1582 0.1378 1.7951 1.7099
4.1582 0.1378 1.8316 1.7176
4.1582 0.1378 1.8681 1.7246
4.1582 0.1378 1.9054 1.7291
4.1582 0.1378 1.8935 1.7365
4.1582 0.1378 1.8953 1.7363
4.1582 0.1378 1.8953 1.7363
4.1582 0.1378 1.9336 1.7417
4.1582 0.1378 1.9554 1.7543
4.1582 0.1378 1.9638 1.7481
4.1582 0.1378 1.9635 1.7483
4.1582 0.1378 1.9252 1.7443
4.1582 0.1378 1.9252 1.7443
4.1582 0.1378 1.9251 1.7444
4.1582 0.1378 1.9249 1.7446
4.1582 0.1378 1.9241 1.7453
4.1582 0.1378 1.9382 1.7373
4.1582 0.1378 1.9758 1.7410
4.1582 0.1051 1.9744 1.7423
4.1582 0.1051 1.9491 1.7279
4.1582 0.1051 1.9340 1.7370
4.1582 0.1051 1.9339 1.7371
4.1582 0.1051 1.9730 1.7402
4.1582 0.1051 1.9955 1.7526
4.1582 0.1051 1.9858 1.7596
4.1582 0.1051 1.9857 1.7596
4.1582 0.1051 1.9857 1.7597
4.1582 0.1051 1.9857 1.7596
4.1582 0.1051 1.9861 1.7601
4.1582 0.1051 1.9823 1.7581
4.1582 0.1051 1.9979 1.7495
4.1582 0.1051 2.0112 1.7601
4.1582 0.1051 2.0329 1.7711
4.1582 0.1051 2.0329 1.7711
4.1582 0.1051 2.0332 1.7715
4.1582 0.1051 2.0603 1.7645
4.1582 0.1051 2.0604 1.7645
4.1582 0.1051 2.0600 1.7649
4.1582 0.1051 2.0485 1.7730
4.1582 0.1051 2.0360 1.7820
4.1582 0.1051 2.0756 1.7828
4.1582 0.1051 2.0757 1.7829
4.1582 0.1378 2.1309 1.7658
4.1582 0.1378 2.1235 1.7717
4.1582 0.1378 2.1123 1.7630
4.1582 0.1378 2.1352 1.7530
4.1582 0.1378 2.1363 1.7527
4.1582 0.1378 2.1655 1.7527
4.1582 0.1378 2.1924 1.7436
4.1582 0.1378 2.1928 1.7432
4.1582 0.1378 2.2047 1.7515
4.1582 0.1378 2.2069 1.7510
4.1582 0.1378 2.2023 1.7467
4.1612 0.1378 2.2023 1.7468
4.1612 0.1378 2.2399 1.7446
4.1612 0.1378 2.2365 1.7461
4.1612 0.1378 2.2437 1.7398
4.1612 0.1378 2.2484 1.7440
4.1612 0.1378 2.2855 1.7404
4.1612 0.1378 2.3230 1.7366
4.1612 0.1378 2.3230 1.7366
4.1612 0.1378 2.3230 1.7366
4.1612 0.1378 2.3230 1.7366
4.1612 0.1378 2.3620 1.7309
4.1612 0.1378 2.3989 1.7261
4.1612 0.1378 2.4367 1.7197
4.1612 0.1378 2.4750 1.7129
4.1612 0.1378 2.5088 1.6849
4.1612 0.1378 2.5380 1.6852
4.1612 0.1378 2.5400 1.6825
4.1612 0.1378 2.5780 1.6729
4.1612 0.1378 2.5590 1.6837
4.1612 0.1378 2.5589 1.6839
4.1612 0.1378 2.5966 1.6736
4.1612 0.1378 2.6081 1.6642
4.1612 0.1378 2.6082 1.6643
4.1612 0.1378 2.6085 1.6645
4.1612 0.1378 2.6297 1.6686
4.1612 0.1378 2.6304 1.6692
4.1612 0.1378 2.6295 1.6706
4.2367 0.1378 2.6318 1.6727
4.2367 0.1378 2.6322 1.6730
4.2367 0.1378 2.6323 1.6731
4.2367 0.1378 2.6447 1.6800
4.2367 0.1378 2.6450 1.6803
4.2367 0.1378 2.6467 1.6794
4.2367 0.1378 2.6847 1.6675
4.2367 0.1378 2.6763 1.6498
4.2367 0.1378 2.6426 1.6580
4.2367 0.1378 2.6429 1.6583
4.2367 0.1378 2.6296 1.6723
4.2367 0.1378 2.6138 1.6875
4.2367 0.1378 2.6138 1.6875
4.2367 0.1378 2.6142 1.6871
4.2367 0.1378 2.6146 1.6875
4.2367 0.1378 2.5851 1.6880
4.2367 0.1378 2.5862 1.6889
4.2367 0.1378 2.5913 1.6928
4.2367 0.1425 2.6214 1.6904
4.2367 0.1425 2.6598 1.6793
4.2367 0.1378 2.6205 1.6918
4.2367 0.1378 2.6207 1.6915
4.2367 0.1378 2.6207 1.6915
4.2367 0.1425 2.6609 1.6797
4.2367 0.1425 2.6839 1.6828
4.2367 0.1425 2.7015 1.6750
4.2367 0.1425 2.7019 1.6754
4.2367 0.1392 2.7009 1.6769
4.2367 0.1392 2.7399 1.6637
4.2367 0.1392 2.7602 1.6722
4.2367 0.1392 2.7599 1.6720
4.2367 0.1392 2.7603 1.6723
4.2367 0.1392 2.7986 1.6579
4.2367 0.1425 2.7779 1.6542
4.2367 0.1425 2.8165 1.6387
4.2367 0.1425 2.8549 1.6227
4.2367 0.1425 2.8567 1.6208
4.2367 0.1425 2.8678 1.6065
4.2367 0.1425 2.8692 1.6076
4.2367 0.2365 2.9038 1.5856
4.2367 0.2365 2.9419 1.5667
4.2367 0.2365 2.9407 1.5675
4.2367 0.1378 2.9026 1.5857
4.2367 0.1378 2.9409 1.5671
4.2367 0.1378 2.9529 1.5709
4.2367 0.1378 2.9520 1.5726
4.2367 0.1378 2.9520 1.5726
4.2367 0.1378 2.9908 1.5528
4.2367 0.1378 2.9908 1.5529
4.2367 0.1378 2.9918 1.5535
4.2367 0.1378 3.0143 1.5525
4.2367 0.1378 3.0522 1.5308
4.2367 0.1378 3.0905 1.5078
4.2367 0.1378 3.0905 1.5078
4.2367 0.1378 3.0905 1.5078
4.2367 0.1378 3.1187 1.4994
4.2367 0.1378 3.1144 1.4974
4.2367 0.1378 3.0916 1.5005
4.2367 0.1378 3.0916 1.5005
4.2367 0.1378 3.1299 1.4758
4.2367 0.1378 3.1683 1.4498
4.2367 0.1378 3.2059 1.4218
4.2367 0.1378 3.2429 1.3921
4.2367 0.1378 3.2425 1.3919
4.2367 0.1378 3.2806 1.3609
4.2367 0.1378 3.2809 1.3610
4.2367 0.1378 3.2817 1.3616
4.2367 0.1378 3.2831 1.3624
4.2367 0.1378 3.3215 1.3297
4.2367 0.1378 3.2828 1.3629
4.2367 0.1378 3.2609 1.3686
4.2367 0.1378 3.2609 1.3686
4.2367 0.1378 3.2632 1.3701
4.2367 0.1378 3.2633 1.3701
4.2367 0.1378 3.2639 1.3698
4.2367 0.1378 3.2998 1.3454
4.2367 0.1378 3.2770 1.3520
4.2367 0.1378 3.2774 1.3522
4.2367 0.1378 3.2997 1.3464
4.2367 0.1378 3.2997 1.3464
4.2367 0.1378 3.2997 1.3464
4.2367 0.1378 3.2997 1.3464
4.2367 0.1378 3.2996 1.3463
4.2367 0.1378 3.3390 1.3106
4.2367 0.1378 3.3400 1.3111
4.2367 0.1378 3.3400 1.3111
4.2367 0.1378 3.3415 1.3119
4.2367 0.1378 3.3413 1.3126
4.2367 0.2136 3.3809 1.2745
4.2367 0.2136 3.3700 1.2732
4.2367 0.2136 3.4081 1.2353
4.2367 0.2136 3.4360 1.2176
4.2367 0.2136 3.4360 1.2176
4.2367 0.2136 3.4374 1.2182
4.2367 0.2136 3.4373 1.2182
4.2367 0.2136 3.4371 1.2180
4.2367 0.2136 3.4384 1.2188
4.2367 0.2136 3.4384 1.2188
4.2367 0.2136 3.4384 1.2188
4.2367 0.1378 3.4373 1.2219
4.2367 0.1378 3.4376 1.2220
4.2367 0.1378 3.4376 1.2220
4.2367 0.1378 3.4591 1.2141
4.2367 0.1378 3.4594 1.2142
4.2367 0.1378 3.4911 1.1731
4.2367 0.1378 3.4927 1.1740
4.2367 0.1378 3.4928 1.1740
4.2367 0.1378 3.4931 1.1742
4.2367 0.1378 3.5310 1.1288
4.2367 0.1378 3.5532 1.1176
4.2367 0.1378 3.5725 1.0950
4.2367 0.1378 3.5725 1.0950
4.2367 0.1378 3.5725 1.0950
4.2367 0.1378 3.5725 1.0950
4.2367 0.1378 3.5725 1.0950
4.2367 0.1378 3.5734 1.0954
4.2367 0.1378 3.5847 1.0951
4.2367 0.1378 3.5847 1.0951
4.2367 0.1378 3.5777 1.1089
4.2367 0.1378 3.5833 1.1099
4.2712 0.1378 3.5705 1.1110
4.2712 0.1378 3.5705 1.1110
4.2712 0.1378 3.5701 1.1109
4.2712 0.1378 3.5703 1.1110
4.2712 0.1378 3.5975 1.0894
4.2712 0.1378 3.5974 1.0894
4.2712 0.1378 3.6200 1.0753
4.2712 0.1378 3.6211 1.0758
4.2712 0.1378 3.6211 1.0758
4.2712 0.1378 3.6601 1.0237
4.2712 0.1378 3.6601 1.0237
4.2712 0.1378 3.6837 1.0083
4.2712 0.1378 3.6837 1.0083
4.2712 0.1378 3.6839 1.0084
4.2712 0.1378 3.7061 0.9925
4.2712 0.1378 3.7061 0.9925
4.2712 0.1378 3.7065 0.9926
4.2712 0.1378 3.7068 0.9928
4.2712 0.1378 3.7071 0.9929
4.2712 0.1378 3.7178 0.9902
4.2712 0.1378 3.7180 0.9903
4.2712 0.1378 3.7140 0.9900
4.2712 0.1378 3.7145 0.9901
4.2712 0.1378 3.7161 0.9907
4.2712 0.0894 3.6915 1.0482
4.2712 0.0894 3.6915 1.0482
4.2712 0.0894 3.6915 1.0482
4.2712 0.0894 3.6916 1.0483
4.2712 0.0894 3.6921 1.0484
4.2712 0.0894 3.6921 1.0484
4.2712 0.0894 3.6921 1.0484
4.2712 0.0894 3.6917 1.0483
4.2712 0.0894 3.6984 1.0499
4.2712 0.1378 3.7376 0.9856
4.2712 0.1378 3.6999 1.0449
4.2712 0.1378 3.7385 0.9860
4.2712 0.1378 3.7381 0.9859
4.2712 0.1378 3.7385 0.9860
4.2712 0.1378 3.7386 0.9860
4.2712 0.1378 3.7383 0.9859
4.2712 0.1378 3.7383 0.9859
4.2712 0.1378 3.7813 0.9217
4.2712 0.1378 3.8037 0.8993
4.2712 0.1378 3.8043 0.8995
4.2712 0.1378 3.7789 0.9278
4.2712 0.1378 3.7791 0.9279
4.2712 0.1378 3.7796 0.9280
4.2712 0.1378 3.7796 0.9280
4.2712 0.1378 3.7880 0.9269
4.2712 0.1378 3.7880 0.9269
4.2712 0.1378 3.8137 0.8983
4.2712 0.1378 3.7746 0.9696
4.2712 0.1378 3.7746 0.9696
4.2712 0.1378 3.7986 0.9459
4.2712 0.1378 3.7981 0.9458
4.2712 0.0922 3.7580 1.0146
4.2712 0.0922 3.7970 0.9474
4.2712 0.0922 3.7591 1.0111
4.2712 0.0922 3.7600 1.0114
4.2712 0.0922 3.7615 1.0119
4.2712 0.0922 3.7618 1.0120
4.2712 0.0922 3.7409 1.0305
4.2712 0.0922 3.7409 1.0305
4.2712 0.0922 3.7410 1.0306
4.2712 0.0922 3.7412 1.0306
4.2712 0.0922 3.7799 0.9691
4.2712 0.0922 3.7414 1.0314
4.2712 0.0922 3.7414 1.0314
4.2712 0.0922 3.7414 1.0314
4.2712 0.0922 3.7414 1.0314
4.2712 0.0922 3.7417 1.0315
4.2712 0.0922 3.7650 1.0126
4.2712 0.0922 3.7650 1.0126
4.2712 0.0922 3.7268 1.0719
4.2712 0.0922 3.7611 1.0128
4.2712 0.0922 3.7999 0.9486
4.2712 0.0922 3.8001 0.9486
4.2712 0.0922 3.7615 1.0159
4.2712 0.0922 3.7226 1.0749
4.2712 0.0922 3.7989 0.9493
4.2712 0.0922 3.8051 0.9500
4.2712 0.0922 3.8051 0.9500
4.2712 0.0922 3.8045 0.9498
4.4487 0.0922 3.8072 0.9512
4.4487 0.0922 3.8072 0.9512
4.4487 0.0922 3.8072 0.9512
4.4487 0.0922 3.8072 0.9512
4.4487 0.0922 3.8079 0.9514
4.4487 0.0922 3.8082 0.9514
4.4487 0.0922 3.7701 1.0153
4.4487 0.0922 3.7701 1.0153
4.4487 0.0922 3.7701 1.0153
4.4487 0.0922 3.7921 0.9961
4.4487 0.0922 3.7932 0.9964
4.4487 0.0922 3.7932 0.9964
4.4487 0.1381 3.8331 0.9248
4.4487 0.1381 3.8331 0.9248
4.4487 0.1381 3.8333 0.9248
4.4487 0.1381 3.8335 0.9249
4.4487 0.1381 3.8337 0.9249
4.4487 0.1381 3.8344 0.9251
4.4487 0.1381 3.8348 0.9253
4.4487 0.1381 3.8346 0.9252
4.4487 0.1381 3.8353 0.9254
4.4487 0.1381 3.8353 0.9254
4.4487 0.1381 3.8353 0.9254
4.4487 0.1381 3.8355 0.9255
4.4487 0.1381 3.8355 0.9255
4.4487 0.1381 3.8353 0.9254
4.4487 0.1381 3.8359 0.9256
4.4487 0.1381 3.8374 0.9260
4.4487 0.1381 3.8387 0.9264
4.4487 0.1381 3.8391 0.9265
4.4487 0.1381 3.8391 0.9265
4.4487 0.1381 3.8400 0.9267
4.4487 0.1381 3.8400 0.9267
4.4487 0.1381 3.8401 0.9268
4.4487 0.1381 3.8401 0.9268
4.4487 0.1378 3.8015 0.9971
4.4487 0.1378 3.8023 0.9974
4.4487 0.1378 3.8028 0.9975
4.4487 0.1378 3.8028 0.9975
4.4487 0.1378 3.8018 0.9973
4.4487 0.1378 3.8019 0.9971
4.4487 0.1378 3.8029 0.9974
4.4487 0.1378 3.8423 0.9303
4.4487 0.1378 3.8423 0.9303
4.4487 0.1378 3.8412 0.9301
4.4487 0.1378 3.8311 0.9337
4.4487 0.1378 3.8583 0.8909
4.4487 0.1378 3.8572 0.8906
4.4487 0.1378 3.8580 0.8908
4.4487 0.1378 3.8583 0.8909
4.4487 0.1378 3.8586 0.8909
4.4487 0.1378 3.8586 0.8909
4.4487 0.1378 3.8604 0.8914
4.4487 0.1378 3.8826 0.8677
4.4487 0.1378 3.8831 0.8679
4.4487 0.1378 3.8838 0.8680
4.4487 0.1378 3.8854 0.8686
4.4863 0.1378 3.8875 0.8698
4.4863 0.1378 3.8803 0.8730
4.4863 0.1378 3.8808 0.8733
4.4863 0.1378 3.8815 0.8735
4.4863 0.1378 3.8857 0.8752
4.4863 0.1378 3.8872 0.8756
4.4863 0.1378 3.8872 0.8756
4.4863 0.1378 3.8872 0.8756
4.4863 0.1378 3.8872 0.8756
4.4863 0.1378 3.8873 0.8757
4.4863 0.1378 3.8877 0.8757
4.4863 0.1378 3.8886 0.8759
4.4863 0.1378 3.8886 0.8759
4.4863 0.1378 3.8871 0.8755
4.4863 0.1378 3.8877 0.8757
4.4863 0.1378 3.8877 0.8757
4.4863 0.1378 3.8880 0.8758
4.4863 0.1378 3.8876 0.8757
4.4863 0.1378 3.8876 0.8757
4.4863 0.1378 3.8893 0.8762
4.4863 0.1378 3.9285 0.7959
4.4863 0.1378 3.9285 0.7959
4.4863 0.1378 3.9297 0.7962
4.4863 0.1378 3.9297 0.7962
4.4863 0.1378 3.9296 0.7962
4.4863 0.1378 3.9299 0.7963
4.4863 0.1378 3.9318 0.7968
4.4863 0.1378 3.9325 0.7970
4.4863 0.1378 3.9325 0.7970
4.4863 0.1378 3.9326 0.7971
4.4863 0.1378 3.9414 0.7935
4.4863 0.1378 3.9414 0.7935
4.4863 0.1378 3.9416 0.7936
4.4863 0.1378 3.9416 0.7936
4.4863 0.1378 3.9423 0.7937
4.4863 0.1378 3.9423 0.7937
4.4863 0.1378 3.9279 0.7990
4.4863 0.1378 3.9671 0.7079
4.4863 0.1378 3.9671 0.7079
4.4863 0.1378 3.9686 0.7083
4.4863 0.1378 3.9686 0.7083
4.4863 0.1381 4.0090 0.5948
4.4863 0.1381 4.0119 0.5962
4.4863 0.1381 4.0152 0.5957
4.4863 0.1381 4.0282 0.5858
4.4863 0.1381 4.0288 0.5859
4.4863 0.1381 4.0288 0.5859
4.4863 0.1381 4.0288 0.5859
4.4863 0.1381 4.0286 0.5859
4.4863 0.1381 4.0286 0.5860
4.4863 0.1381 4.0293 0.5860
4.4863 0.1381 4.0293 0.5860
4.4863 0.1424 4.0293 0.5857
4.4863 0.1424 4.0296 0.5857
4.4863 0.1424 4.0296 0.5857
4.4863 0.1424 4.0310 0.5860
4.4863 0.1424 4.0310 0.5860
4.4863 0.1424 4.0310 0.5860
4.4863 0.1424 4.0371 0.5843
4.4863 0.1424 4.0371 0.5843
4.4863 0.1424 4.0471 0.5749
4.4863 0.1424 4.0513 0.5765
4.4863 0.1424 4.0519 0.5767
4.4863 0.1424 4.0519 0.5767
4.4863 0.1424 4.0519 0.5767
4.4863 0.1424 4.0500 0.5770
4.4863 0.1424 4.0500 0.5770
4.4863 0.1424 4.0515 0.5772
4.4863 0.1424 4.0515 0.5772
4.4863 0.1424 4.0519 0.5773
4.4863 0.1424 4.0395 0.5897
4.4863 0.1424 4.0347 0.5880
4.4863 0.1424 4.0360 0.5883
4.4863 0.1424 4.0347 0.5881
4.4863 0.1424 4.0347 0.5881
4.7562 0.1424 4.0249 0.6069
4.7562 0.1424 4.0249 0.6069
4.7562 0.1424 4.0249 0.6069
4.7562 0.1424 4.0235 0.6067
4.7562 0.1424 4.0236 0.6067
4.7562 0.1424 4.0231 0.6066
4.7562 0.1424 4.0235 0.6066
4.7562 0.1424 4.0238 0.6067
4.7562 0.1424 4.0233 0.6065
4.7562 0.1424 4.0012 0.6435
4.7562 0.1424 4.0014 0.6435
4.7562 0.1424 4.0010 0.6435
4.7562 0.1424 4.0000 0.6434
4.7562 0.1424 3.9998 0.6434
4.7562 0.1424 3.9998 0.6434
4.7562 0.1424 4.0003 0.6434
4.7562 0.1424 4.0005 0.6434
4.7562 0.1424 4.0019 0.6438
4.7562 0.1424 4.0020 0.6438
4.7562 0.1424 4.0403 0.5191
4.7562 0.1424 4.0412 0.5192
4.7562 0.1424 4.0410 0.5192
4.7562 0.1424 4.0115 0.5983
4.7562 0.1424 4.0115 0.5983
4.7562 0.1424 4.0114 0.5983
4.7562 0.1424 4.0111 0.5982
4.8158 0.1424 4.0117 0.5990
4.8158 0.1424 4.0126 0.5992
4.8158 0.1424 4.0124 0.5994
4.8158 0.1424 4.0156 0.6011
4.8158 0.1424 4.0157 0.6011
4.8158 0.1424 4.0157 0.6011
4.8158 0.1424 4.0174 0.6013
4.8158 0.1424 4.0172 0.6012
4.8158 0.1424 4.0172 0.6012
4.8158 0.1424 4.0184 0.6014
4.8158 0.1424 4.0186 0.6015
4.8158 0.1424 4.0206 0.6016
4.8158 0.1424 4.0212 0.6018
4.8158 0.1424 4.0212 0.6018
4.8158 0.1424 4.0224 0.6020
4.8158 0.1424 4.0233 0.6021
4.8158 0.1424 3.9940 0.6680
4.8158 0.1424 3.9946 0.6681
4.8158 0.1424 3.9938 0.6679
4.8158 0.1424 3.9942 0.6679
4.8158 0.1424 3.9942 0.6679
4.8158 0.1424 3.9942 0.6679
4.8158 0.1424 3.9942 0.6679
4.8158 0.1424 3.9942 0.6679
4.8158 0.1424 3.9943 0.6678
4.8158 0.1424 3.9943 0.6678
4.8158 0.1424 3.9936 0.6677
4.8158 0.1424 3.9937 0.6677
4.8158 0.1424 3.9955 0.6685
4.8158 0.1424 3.9955 0.6685
4.8158 0.1424 3.9705 0.7084
4.8158 0.1424 3.9708 0.7086
4.8158 0.1424 3.9708 0.7086
4.8158 0.1424 3.9708 0.7086
4.8158 0.1424 3.9708 0.7086
4.8158 0.1424 3.9708 0.7086
4.8158 0.1424 3.9711 0.7087
4.8158 0.1424 3.9597 0.7158
4.8158 0.1424 3.9901 0.6565
4.8158 0.1424 3.9905 0.6565
4.8158 0.1424 3.9916 0.6567
4.8158 0.1424 3.9921 0.6568
4.8158 0.1424 3.9950 0.6583
4.8158 0.1424 3.9960 0.6585
4.8158 0.1424 4.0092 0.6484
4.8158 0.1424 4.0085 0.6483
4.8158 0.1424 3.9693 0.7489
4.8158 0.1424 3.9714 0.7489
4.8158 0.1424 3.9720 0.7490
4.8158 0.1424 3.9720 0.7490
4.8158 0.1424 3.9713 0.7489
4.8158 0.1424 3.9709 0.7487
4.8158 0.1424 3.9711 0.7488
4.8158 0.1424 3.9727 0.7494
4.8158 0.1424 3.9709 0.7551
4.8158 0.1424 3.9709 0.7551
4.8158 0.1424 3.9325 0.8424
4.8158 0.1424 3.9325 0.8424
4.8158 0.1424 3.9330 0.8425
4.8158 0.1424 3.9334 0.8426
4.8158 0.1424 3.9336 0.8427
4.8158 0.1424 3.9278 0.8437
4.8158 0.1424 3.9290 0.8441
4.8158 0.1424 3.9335 0.8457
4.8158 0.1424 3.8962 0.9179
4.8158 0.1424 3.8970 0.9181
4.8158 0.1424 3.8970 0.9181
4.8158 0.1424 3.8970 0.9181
4.8158 0.1424 3.8987 0.9188
4.8158 0.1424 3.8994 0.9189
4.8158 0.1424 3.8997 0.9190
4.8158 0.1424 3.9003 0.9191
4.8158 0.1424 3.8762 0.9453
4.8158 0.1424 3.8762 0.9453
4.8158 0.1424 3.8699 0.9451
4.8158 0.1424 3.8687 0.9448
4.8158 0.1424 3.8719 0.9460
4.8158 0.1424 3.8404 0.9857
4.8158 0.1424 3.8431 0.9868
4.8158 0.1424 3.8431 0.9868
4.8158 0.1424 3.8431 0.9868
4.8158 0.1424 3.8459 0.9877
4.8158 0.1424 3.8483 0.9886
4.8158 0.1424 3.8517 0.9903
4.8158 0.1424 3.8522 0.9905
4.8206 0.1424 3.8520 0.9905
4.8206 0.1424 3.8531 0.9908
4.8206 0.1424 3.8542 0.9911
4.8206 0.1424 3.8522 0.9906
4.8206 0.1424 3.8525 0.9907
4.8206 0.1424 3.8552 0.9919
4.8206 0.1424 3.8950 0.9280
4.8206 0.1424 3.8950 0.9280
4.8206 0.1424 3.8823 0.9353
4.8206 0.1424 3.8842 0.9361
4.8206 0.1378 3.8581 1.0015
4.8206 0.1378 3.8991 0.9332
4.8206 0.1424 3.9382 0.8532
4.8206 0.1424 3.9412 0.8543
4.8206 0.1424 3.9445 0.8560
4.8206 0.1424 3.9443 0.8559
4.8206 0.1424 3.9457 0.8564
4.8206 0.1424 3.9664 0.8304
4.8206 0.1424 3.9664 0.8304
4.8206 0.1424 3.9692 0.8317
4.8206 0.1424 3.9692 0.8317
4.8206 0.1424 3.9693 0.8318
4.8206 0.1424 3.9711 0.8321
4.8206 0.1424 3.9711 0.8321
4.8206 0.1424 4.0114 0.7431
4.8206 0.1424 4.0138 0.7439
4.8206 0.1424 4.0114 0.7430
4.8206 0.1424 4.0167 0.7417
4.8206 0.1424 4.0167 0.7417
4.8206 0.1424 4.0194 0.7430
4.8206 0.1424 4.0209 0.7438
4.8206 0.1424 4.0218 0.7439
4.8206 0.1424 4.0524 0.6830
4.8206 0.1424 4.0527 0.6823
4.8206 0.1424 4.0563 0.6833
4.8206 0.1424 4.0563 0.6833
4.8206 0.1424 4.0563 0.6833
4.8206 0.1424 4.0704 0.6750
4.8206 0.1424 4.1011 0.6031
4.8206 0.1424 4.1021 0.6033
4.8206 0.1424 4.1023 0.6034
4.8206 0.1424 4.1056 0.6046
4.8206 0.1424 4.1056 0.6046
4.8206 0.1424 4.1092 0.6059
4.8206 0.1424 4.1080 0.6061
4.8206 0.1424 4.1086 0.6060
4.8206 0.1424 4.1064 0.6051
4.8206 0.1424 4.1088 0.6056
4.8206 0.1424 4.1100 0.6060
4.8206 0.1424 4.1131 0.6066
4.8206 0.1424 4.1137 0.6065
4.8206 0.1424 4.1137 0.6065
4.8206 0.1424 4.1142 0.6066
4.8206 0.1424 4.1161 0.6071
4.8206 0.1424 4.1161 0.6071
4.8206 0.1424 4.1176 0.6075
4.8206 0.1424 4.1218 0.6084
4.8206 0.1424 4.1472 0.5562
4.8206 0.1424 4.1486 0.5558
4.8206 0.1424 4.1513 0.5564
4.8206 0.1424 4.1516 0.5564
4.8206 0.1424 4.1530 0.5564
4.8206 0.1424 4.1243 0.6164
4.8206 0.1424 4.1243 0.6164
4.8206 0.1424 4.1240 0.6162
4.8206 0.1424 4.1023 0.6570
4.8206 0.1424 4.1025 0.6576
4.8206 0.1424 4.1026 0.6576
4.8206 0.1424 4.1025 0.6576
4.8206 0.1424 4.1036 0.6577
4.8206 0.1424 4.1307 0.6024
4.8206 0.1424 4.0920 0.7161
4.8206 0.2388 4.1322 0.5961
4.8206 0.2388 4.1328 0.5961
4.8206 0.2388 4.1330 0.5962
4.8206 0.2388 4.1330 0.5962
4.8206 0.2388 4.1338 0.5965
4.8206 0.2388 4.1339 0.5965
4.8206 0.2388 4.1341 0.5967
4.8206 0.2388 4.1462 0.5824
4.8206 0.2388 4.1462 0.5824
4.8206 0.2388 4.1472 0.5823
4.8206 0.2388 4.1474 0.5824
4.8206 0.2388 4.1768 0.5161
4.8206 0.2388 4.1763 0.5162
4.8206 0.2370 4.1365 0.6481
4.8206 0.2370 4.1365 0.6483
4.8206 0.2370 4.1365 0.6483
4.8206 0.2370 4.1380 0.6482
4.8206 0.2370 4.1381 0.6483
4.8206 0.2370 4.0989 0.7556
4.8206 0.2370 4.0761 0.7890
4.8206 0.2370 4.0761 0.7890
4.8206 0.2370 4.0766 0.7891
4.8206 0.2370 4.0406 0.8648
4.8206 0.2370 4.0425 0.8654
4.8206 0.2370 4.0427 0.8654
4.8206 0.2350 4.0029 0.9445
4.8206 0.2350 4.0412 0.8653
4.8206 0.2350 4.0362 0.8667
