4.0000 0.0007 1.1983 1.5941
4.0000 0.0007 1.2457 1.5971
4.0000 0.0007 1.2457 1.5971
4.0000 0.0007 1.2843 1.6164
4.0000 0.0007 1.3229 1.6346
4.0000 0.0007 1.3605 1.6524
4.0000 0.0007 1.4378 1.6834
4.0000 0.0007 1.4754 1.6981
4.0000 0.0007 1.5517 1.7240
4.0000 0.0007 1.5903 1.7351
4.0000 0.0007 1.6090 1.7294
4.0000 0.0007 1.6351 1.7232
4.0000 0.0007 1.6737 1.7325
4.0000 0.0007 1.7113 1.7417
4.0000 0.0007 1.7133 1.7400
4.0000 0.0007 1.7519 1.7475
4.0000 0.0007 1.7912 1.7534
4.0000 0.0007 1.8139 1.7478
4.0000 0.0007 1.8139 1.7478
4.0000 0.0007 1.8146 1.7472
4.0000 0.0007 1.8531 1.7525
4.0000 0.0007 1.8907 1.7578
4.0000 0.0007 1.8907 1.7578
4.0000 0.0007 1.9293 1.7613
4.0000 0.0007 1.9680 1.7639
4.0000 0.0007 1.9680 1.7639
4.0000 0.0007 1.9680 1.7639
4.0000 0.0007 1.9829 1.7747
4.0000 0.0007 2.0215 1.7761
4.0000 0.0007 2.0601 1.7767
4.0000 0.0007 2.0601 1.7767
4.0000 0.0007 2.0601 1.7767
4.0000 0.0007 2.0987 1.7765
4.0000 0.0007 2.1364 1.7765
4.0000 0.0007 2.2126 1.7730
4.0000 0.0007 2.2275 1.7817
4.0000 0.0007 2.2275 1.7817
4.0000 0.0007 2.2662 1.7779
4.0000 0.0007 2.3048 1.7731
4.0000 0.0007 2.3055 1.7723
4.0000 0.0007 2.3242 1.7591
4.0000 0.0007 2.3242 1.7591
4.0000 0.0007 2.3242 1.7591
4.0000 0.0007 2.3242 1.7591
4.0000 0.0007 2.3242 1.7591
4.0000 0.0007 2.3441 1.7667
4.0000 0.0007 2.3441 1.7667
4.0000 0.0007 2.3441 1.7667
4.0000 0.0007 2.3827 1.7602
4.0000 0.0007 2.4204 1.7542
4.0000 0.0007 2.4391 1.7396
4.0000 0.0007 2.4777 1.7310
4.0000 0.0007 2.4976 1.7369
4.0000 0.0007 2.5362 1.7269
4.0000 0.0007 2.5888 1.7232
4.0000 0.0007 2.6274 1.7111
4.0000 0.0007 2.6274 1.7111
4.0000 0.0007 2.6274 1.7111
4.0000 0.0007 2.6511 1.6928
4.0000 0.0007 2.6897 1.6790
4.0000 0.0007 2.6897 1.6790
4.0000 0.0007 2.7274 1.6657
4.0000 0.0007 2.7660 1.6499
4.0000 0.0007 2.8046 1.6330
4.0000 0.0007 2.8426 1.6162
4.0000 0.0007 2.8802 1.5988
4.0000 0.0007 2.8951 1.6022
4.0000 0.0007 2.9337 1.5817
4.0000 0.0007 2.9337 1.5817
4.0000 0.0007 2.9337 1.5817
4.0000 0.0007 2.9714 1.5617
4.0000 0.0007 3.0100 1.5388
4.0000 0.0007 3.0100 1.5388
4.0000 0.0007 3.0100 1.5388
4.0000 0.0007 3.0100 1.5388
4.0000 0.0007 3.0486 1.5145
4.0000 0.0007 3.0635 1.5164
4.0000 0.0007 3.0635 1.5164
4.0000 0.0007 3.0635 1.5164
4.0000 0.0007 3.0635 1.5164
4.0000 0.0007 3.0834 1.5155
4.0000 0.0007 3.1034 1.5143
4.0000 0.0007 3.1034 1.5143
4.0000 0.0007 3.1034 1.5143
4.0000 0.0007 3.1034 1.5143
4.0000 0.0007 3.1034 1.5143
4.0000 0.0007 3.1410 1.4892
4.0000 0.0007 3.1640 1.4611
4.0000 0.0007 3.1640 1.4611
4.0000 0.0007 3.1840 1.4588
4.0000 0.0007 3.2226 1.4285
4.0000 0.0635 3.2775 1.3931
4.0000 0.0635 3.2775 1.3931
4.0000 0.0635 3.3151 1.3609
4.0000 0.0635 3.3537 1.3245
4.0000 0.0635 3.3537 1.3245
4.0000 0.0635 3.3537 1.3245
4.0000 0.0635 3.3913 1.2886
4.0000 0.0635 3.3913 1.2886
4.0000 0.0635 3.3913 1.2886
4.0000 0.0635 3.3913 1.2886
4.0000 0.0635 3.3913 1.2886
4.0000 0.0635 3.3913 1.2886
4.0000 0.0635 3.3913 1.2886
4.0000 0.0635 3.3714 1.2944
4.0000 0.0635 3.3714 1.2944
4.0000 0.0635 3.3714 1.2944
4.0000 0.0635 3.3862 1.2930
4.0000 0.0635 3.3872 1.2920
4.0000 0.0635 3.3872 1.2920
4.0000 0.0635 3.3872 1.2920
4.0000 0.0635 3.3872 1.2920
4.0000 0.0635 3.4248 1.2540
4.0000 0.0635 3.4438 1.2482
4.0000 0.0635 3.4438 1.2482
4.0000 0.0635 3.4438 1.2482
4.0000 0.0635 3.4438 1.2482
4.0000 0.0635 3.4393 1.2470
4.0000 0.0635 3.4393 1.2470
4.0000 0.0635 3.4393 1.2470
4.0000 0.0635 3.4772 1.2052
4.0000 0.0635 3.4921 1.2024
4.0000 0.0635 3.4921 1.2024
4.0000 0.0635 3.5307 1.1551
4.0000 0.0635 3.5307 1.1551
4.0000 0.0635 3.5307 1.1551
4.0000 0.0635 3.5307 1.1551
4.0000 0.0635 3.5307 1.1551
4.0000 0.0635 3.5307 1.1551
4.0000 0.0635 3.5307 1.1551
4.0000 0.0635 3.5352 1.1561
4.0000 0.0635 3.5738 1.1053
4.0000 0.0635 3.5589 1.1095
4.0000 0.0635 3.5589 1.1095
4.0000 0.0635 3.5589 1.1095
4.0000 0.0635 3.5589 1.1095
4.0000 0.0635 3.5589 1.1095
4.0000 0.0635 3.5589 1.1095
4.0000 0.0635 3.5589 1.1095
4.0000 0.0635 3.5589 1.1095
4.0000 0.0635 3.5589 1.1095
4.0000 0.0635 3.5589 1.1095
4.0000 0.0635 3.5589 1.1095
4.0000 0.0635 3.5965 1.0589
4.0000 0.0635 3.5965 1.0589
4.0000 0.0635 3.5965 1.0589
4.0000 0.0635 3.5965 1.0589
4.0000 0.0635 3.5965 1.0589
4.0000 0.0635 3.6351 1.0009
4.0000 0.0635 3.6351 1.0009
4.0000 0.0635 3.6351 1.0009
4.0000 0.0635 3.6351 1.0009
4.0000 0.0635 3.6351 1.0009
4.0000 0.0635 3.6351 1.0009
4.0000 0.0635 3.6351 1.0009
4.0000 0.0635 3.6351 1.0009
4.0000 0.0635 3.6579 0.9478
4.0000 0.0635 3.6622 0.9484
4.0000 0.0635 3.6622 0.9484
4.0000 0.0822 3.7016 0.8772
4.0000 0.0822 3.6867 0.8847
4.0000 0.0822 3.6867 0.8847
4.0000 0.0822 3.7253 0.8101
4.0000 0.0822 3.7253 0.8101
4.0000 0.0822 3.7253 0.8101
4.0000 0.0822 3.7253 0.8101
4.0000 0.0822 3.7253 0.8101
4.0000 0.0822 3.7253 0.8101
4.0000 0.0822 3.7253 0.8101
4.0000 0.0822 3.7253 0.8101
4.0000 0.0822 3.7452 0.7919
4.0000 0.0822 3.7452 0.7919
4.0000 0.1378 3.7844 0.7014
4.0000 0.2370 3.8031 0.6247
4.0000 0.2370 3.8031 0.6247
4.0000 0.2370 3.8031 0.6247
4.0000 0.2370 3.8031 0.6247
4.0000 0.2370 3.8031 0.6247
4.0000 0.2370 3.8230 0.5983
4.0000 0.2370 3.8429 0.5701
4.0000 0.2370 3.8629 0.5396
4.0000 0.2370 3.8629 0.5396
4.0000 0.2370 3.8629 0.5396
4.0000 0.2370 3.8629 0.5396
4.0000 0.2370 3.8778 0.5223
4.0000 0.2370 3.8778 0.5223
4.0000 0.2370 3.8778 0.5223
4.0000 0.2370 3.8778 0.5223
4.0000 0.2370 3.8778 0.5223
4.0000 0.2370 3.8778 0.5223
4.0000 0.2370 3.8778 0.5223
4.0000 0.2370 3.8778 0.5223
4.0000 0.2370 3.8778 0.5223
4.0000 0.2370 3.8977 0.4874
4.0000 0.2370 3.8977 0.4874
4.0000 0.2370 3.8977 0.4874
4.0000 0.2370 3.8977 0.4874
4.0000 2.0083 3.9353 0.3197
4.0000 2.0083 3.9353 0.3197
4.0000 2.0083 3.9353 0.3197
4.0000 2.0083 3.9353 0.3197
4.0000 2.0083 3.9353 0.3197
4.9699 2.0083 3.9546 0.3506
4.9699 2.0083 3.9546 0.3506
4.9699 2.0083 3.9546 0.3506
4.9699 2.0083 3.9546 0.3506
4.9699 2.0083 3.9546 0.3506
4.9699 2.0083 3.9546 0.3506
4.9699 2.0083 3.9546 0.3506
4.9699 2.0083 3.9546 0.3506
4.9699 2.0083 3.9546 0.3506
4.9699 2.0083 3.9546 0.3506
4.9699 2.0083 3.9546 0.3506
4.9699 2.0083 3.9546 0.3506
4.9699 2.0083 3.9546 0.3506
4.9699 2.0083 3.9546 0.3506
4.9699 2.0083 3.9546 0.3506
4.9699 2.0083 3.9546 0.3506
4.9699 2.0083 3.9546 0.3506
4.9699 2.0083 3.9695 0.3191
4.9699 2.5083 3.9894 0.2510
4.9699 2.5083 3.9894 0.2510
4.9699 2.5083 3.9894 0.2510
4.9699 2.5083 4.0044 0.2020
4.9699 2.5083 4.0044 0.2020
4.9699 2.5083 4.0044 0.2020
4.9699 2.5083 4.0044 0.2020
4.9699 2.5083 4.0044 0.2020
4.9699 2.5083 4.0044 0.2020
4.9699 2.0083 3.9994 0.2414
4.9699 2.0083 3.9994 0.2414
4.9699 4.0000 4.0193 0.1350
4.9699 4.0000 4.0193 0.1350
4.9699 4.0000 4.0193 0.1350
4.9699 4.0000 4.0193 0.1350
4.9699 4.0000 4.0193 0.1350
4.9699 2.5129 4.0044 0.2017
4.9699 2.5129 4.0044 0.2017
4.9699 2.5129 4.0044 0.2017
4.9699 2.5129 4.0044 0.2017
4.9699 2.5129 4.0044 0.2017
4.9699 2.5129 4.0044 0.2017
4.9699 2.5129 4.0044 0.2017
4.9699 2.5129 3.9896 0.2499
4.9699 2.5129 3.9896 0.2499
4.9699 2.5129 3.9896 0.2499
4.9699 2.5129 3.9896 0.2499
4.9699 2.5129 3.9896 0.2499
4.9699 2.5129 3.9896 0.2499
4.9699 2.5129 3.9896 0.2499
4.9699 2.5129 3.9896 0.2499
4.9699 2.5129 3.9896 0.2499
4.9699 2.5129 3.9896 0.2499
4.9699 2.5129 3.9896 0.2499
4.9699 2.5129 3.9896 0.2499
4.9699 2.5129 4.0044 0.2017
4.9699 2.5129 4.0044 0.2017
4.9699 2.5129 4.0044 0.2017
4.9699 2.5129 4.0044 0.2017
4.9699 2.5129 4.0044 0.2017
4.9699 2.5129 4.0044 0.2017
4.9699 2.5129 4.0044 0.2017
4.9699 2.5129 4.0044 0.2017
4.9699 2.5129 4.0044 0.2017
4.9699 2.5129 4.0044 0.2017
4.9699 2.5129 4.0044 0.2017
4.9699 2.5129 4.0044 0.2017
4.9699 2.5129 4.0044 0.2017
4.9699 2.5129 4.0044 0.2017
4.9699 2.5129 4.0044 0.2017
4.9699 2.5129 4.0044 0.2017
4.9699 2.5129 4.0044 0.2017
4.9699 2.5129 4.0044 0.2017
4.9699 2.5129 4.0044 0.2017
4.9699 2.5129 4.0044 0.2017
4.9699 2.5129 4.0044 0.2017
4.9699 2.5129 4.0044 0.2017
4.9699 2.5129 4.0044 0.2017
4.9699 2.5129 4.0044 0.2017
4.9699 2.5129 4.0044 0.2017
4.9699 4.0000 4.0193 0.1350
4.9699 4.0000 4.0193 0.1350
4.9699 4.0000 4.0193 0.1350
4.9699 4.0000 4.0193 0.1350
4.9699 4.0000 4.0193 0.1350
4.9699 4.0000 4.0193 0.1350
4.9699 4.0000 4.0193 0.1350
4.9699 4.0000 4.0289 0.1641
4.9699 4.0000 4.0289 0.1641
4.9699 4.0000 4.0289 0.1641
4.9699 4.0000 4.0289 0.1641
4.9699 4.0000 4.0289 0.1641
4.9699 4.0000 4.0289 0.1641
4.9699 4.0000 4.0289 0.1641
4.9699 4.0000 4.0289 0.1641
4.9699 4.0000 4.0289 0.1641
4.9699 4.0000 4.0289 0.1641
4.9699 4.0000 4.0289 0.1641
4.9699 4.0000 4.0289 0.1641
4.9699 4.0000 4.0289 0.1641
4.9699 4.0000 4.0289 0.1641
4.9699 4.0000 4.0289 0.1641
4.9699 4.0000 4.0289 0.1641
4.9699 4.0000 4.0289 0.1641
4.9699 4.0000 4.0289 0.1641
4.9699 4.0000 4.0289 0.1641
4.9699 4.0000 4.0289 0.1641
4.9699 4.0000 4.0289 0.1641
4.9699 4.0000 4.0289 0.1641
4.9699 4.0000 4.0289 0.1641
4.9699 2.5083 4.0139 0.2232
4.9699 2.5083 4.0139 0.2232
4.9699 2.5083 4.0139 0.2232
4.9699 2.5083 4.0139 0.2232
4.9699 2.5083 4.0139 0.2232
4.9699 2.5083 4.0139 0.2232
4.9699 2.5083 4.0139 0.2232
4.9699 2.5083 4.0139 0.2232
4.9699 2.5083 4.0139 0.2232
4.9699 2.5083 4.0139 0.2232
4.9699 2.5083 4.0139 0.2232
4.9699 2.5083 4.0139 0.2232
4.9699 2.5083 4.0139 0.2232
4.9699 2.5083 4.0139 0.2232
4.9699 2.5083 4.0139 0.2232
4.9699 2.5083 4.0236 0.2426
4.9699 2.5083 4.0236 0.2426
4.9699 2.5083 4.0236 0.2426
4.9699 2.5083 4.0236 0.2426
4.9699 2.5083 4.0236 0.2426
4.9699 2.5083 4.0236 0.2426
4.9699 2.5083 4.0236 0.2426
6.2361 2.5083 4.0363 0.3142
6.2361 2.5083 4.0363 0.3142
6.2361 2.5083 4.0363 0.3142
6.2361 2.5083 4.0363 0.3142
6.2361 2.5083 4.0363 0.3142
6.2361 2.5083 4.0363 0.3142
6.2361 2.5083 4.0214 0.3488
6.2361 2.5083 4.0214 0.3488
6.2361 2.5083 4.0214 0.3488
6.2361 2.5083 4.0214 0.3488
6.2361 2.5083 4.0214 0.3488
6.2361 2.5083 4.0214 0.3488
6.2361 2.5083 4.0214 0.3488
6.2361 2.5083 4.0214 0.3488
6.2361 2.5083 4.0214 0.3488
6.2361 2.5083 4.0214 0.3488
6.2361 2.5083 4.0214 0.3488
6.2361 2.5083 4.0214 0.3488
6.2361 2.5083 4.0214 0.3488
6.2361 2.5083 4.0214 0.3488
6.2361 2.5083 4.0214 0.3488
6.2361 2.5083 4.0214 0.3488
6.2361 2.5083 4.0363 0.3142
6.2361 2.5083 4.0363 0.3142
6.2361 2.5083 4.0363 0.3142
6.2361 2.5083 4.0363 0.3142
6.2361 2.5083 4.0363 0.3142
6.2361 2.5083 4.0363 0.3142
6.2361 2.5083 4.0363 0.3142
6.2361 2.5083 4.0363 0.3142
6.2361 2.5083 4.0363 0.3142
6.2361 2.5083 4.0459 0.3273
6.2361 2.5083 4.0459 0.3273
6.2361 2.5083 4.0459 0.3273
6.2361 2.5083 4.0459 0.3273
6.2361 2.5083 4.0459 0.3273
6.2361 2.5083 4.0459 0.3273
6.2361 2.5083 4.0459 0.3273
6.2361 2.5083 4.0459 0.3273
6.2361 2.5083 4.0459 0.3273
6.2361 2.5083 4.0459 0.3273
6.2361 2.5083 4.0459 0.3273
6.2361 2.5083 4.0459 0.3273
6.2361 2.5083 4.0459 0.3273
6.2361 2.5083 4.0459 0.3273
6.2361 2.5083 4.0459 0.3273
6.2361 2.5083 4.0459 0.3273
6.2361 2.5083 4.0459 0.3273
6.2361 4.0000 4.0608 0.2885
6.2361 4.0000 4.0608 0.2885
6.2361 4.0000 4.0608 0.2885
6.2361 4.0000 4.0608 0.2885
6.2361 2.5083 4.0459 0.3273
6.2361 2.5083 4.0459 0.3273
6.2361 2.5083 4.0459 0.3273
6.2361 2.5083 4.0459 0.3273
6.2361 2.5083 4.0459 0.3273
6.2361 2.5083 4.0459 0.3273
6.2361 2.5083 4.0459 0.3273
6.2361 2.5083 4.0459 0.3273
6.2361 2.5083 4.0459 0.3273
6.2361 2.5083 4.0459 0.3273
6.2361 2.5083 4.0459 0.3273
6.2361 2.5083 4.0459 0.3273
6.2361 2.5083 4.0459 0.3273
6.2361 2.5083 4.0459 0.3273
6.2361 2.5083 4.0459 0.3273
6.2361 2.5083 4.0459 0.3273
6.2361 2.5083 4.0459 0.3273
6.2361 2.5083 4.0459 0.3273
6.2361 2.5083 4.0459 0.3273
6.2361 2.5083 4.0459 0.3273
6.2361 2.5083 4.0459 0.3273
6.2361 4.0000 4.0608 0.2885
6.2361 4.0000 4.0608 0.2885
6.2361 4.0000 4.0608 0.2885
6.2361 4.0000 4.0608 0.2885
6.2361 4.0000 4.0608 0.2885
6.2361 4.0000 4.0608 0.2885
6.2361 4.0000 4.0608 0.2885
6.2361 4.0000 4.0608 0.2885
6.2361 4.0000 4.0608 0.2885
6.2361 4.0000 4.0608 0.2885
6.2361 4.0000 4.0608 0.2885
6.2361 4.0000 4.0608 0.2885
6.2361 4.0000 4.0608 0.2885
6.2361 4.0000 4.0608 0.2885
6.2361 4.0000 4.0608 0.2885
6.2361 4.0000 4.0608 0.2885
6.2361 4.0000 4.0608 0.2885
6.2361 4.0000 4.0608 0.2885
6.2361 4.0000 4.0608 0.2885
6.2361 4.0000 4.0705 0.3023
6.2361 4.0000 4.0705 0.3023
6.2361 4.0000 4.0705 0.3023
6.2361 4.0000 4.0705 0.3023
6.2361 4.0000 4.0705 0.3023
6.2361 4.0000 4.0705 0.3023
6.2361 4.0000 4.0705 0.3023
6.2361 4.0000 4.0705 0.3023
6.2361 4.0000 4.0705 0.3023
6.2361 4.0000 4.0705 0.3023
6.2361 4.0000 4.0705 0.3023
6.2361 4.0000 4.0705 0.3023
6.2361 4.0000 4.0705 0.3023
6.2361 4.0000 4.0705 0.3023
6.2361 4.0000 4.0705 0.3023
6.2361 4.0000 4.0801 0.3148
6.2361 4.0000 4.0801 0.3148
6.2361 4.0000 4.0801 0.3148
6.2361 4.0000 4.0801 0.3148
6.2361 4.0000 4.0801 0.3148
6.2361 4.0000 4.0897 0.3266
6.2361 4.0000 4.0897 0.3266
6.2361 4.0000 4.0897 0.3266
6.2361 4.0000 4.0897 0.3266
6.2361 4.0000 4.0897 0.3266
6.2361 4.0000 4.0897 0.3266
6.2361 4.0000 4.0897 0.3266
6.2361 4.0000 4.0897 0.3266
6.2361 4.0000 4.0897 0.3266
6.2361 4.0000 4.0897 0.3266
6.2361 4.0000 4.0897 0.3266
6.2361 4.0000 4.0897 0.3266
6.2361 4.0000 4.0897 0.3266
6.2361 4.0000 4.0897 0.3266
6.2361 4.0000 4.0897 0.3266
6.2361 4.0000 4.0897 0.3266
6.2361 4.0000 4.0897 0.3266
6.2361 4.0000 4.0897 0.3266
6.2361 4.0000 4.0897 0.3266
6.2361 4.0000 4.0897 0.3266
6.2361 4.0000 4.0897 0.3266
6.2361 4.0000 4.0897 0.3266
6.2361 4.0000 4.0897 0.3266
6.2361 4.0000 4.0897 0.3266
6.2361 4.0000 4.0897 0.3266
6.2361 4.0000 4.0897 0.3266
6.2361 4.0000 4.0897 0.3267
6.2361 4.0000 4.0897 0.3267
6.2361 4.0000 4.0897 0.3267
6.2361 4.0000 4.0897 0.3267
6.2361 4.0000 4.0897 0.3267
6.2361 4.0000 4.0897 0.3267
6.2361 4.0000 4.0897 0.3267
6.2361 4.0000 4.0897 0.3267
6.2361 4.0000 4.0897 0.3267
6.2361 4.0000 4.0897 0.3267
6.2361 4.0000 4.0897 0.3267
6.2361 4.0000 4.0897 0.3267
6.2361 4.0000 4.0897 0.3267
6.2361 4.0000 4.0897 0.3267
6.2361 4.0000 4.0897 0.3267
6.2361 4.0000 4.0897 0.3267
6.2361 4.0000 4.0897 0.3267
6.2361 4.0000 4.0897 0.3267
6.2361 4.0000 4.0897 0.3267
6.2361 4.0000 4.0994 0.3381
6.2361 4.0000 4.0994 0.3381
6.2361 1.4061 4.0735 0.4314
6.2361 1.4061 4.0735 0.4314
6.2361 1.4061 4.0735 0.4314
6.2361 1.4061 4.0832 0.4404
6.2361 1.4061 4.0832 0.4404
6.2361 1.4061 4.0832 0.4404
6.2361 1.4061 4.0832 0.4404
6.2361 1.4061 4.0632 0.4864
6.2361 1.4061 4.0632 0.4864
6.2361 1.4061 4.0632 0.4864
6.2361 1.4061 4.0632 0.4864
6.2361 1.4061 4.0983 0.5670
6.2361 1.4061 4.0983 0.5670
6.2361 1.4061 4.0983 0.5670
6.2361 1.4061 4.0983 0.5670
6.2361 1.4061 4.0983 0.5670
6.2361 1.4061 4.0983 0.5670
6.2361 1.4061 4.0983 0.5670
6.2361 1.4061 4.0983 0.5670
6.5447 1.4061 4.1436 0.5793
6.5447 1.4061 4.1436 0.5793
6.5447 1.4061 4.1436 0.5793
6.5447 1.4061 4.1691 0.6264
6.5447 1.4061 4.1739 0.6269
6.5447 1.4061 4.1739 0.6269
6.5447 1.4061 4.1739 0.6269
6.5447 1.4061 4.1739 0.6269
6.5447 1.4061 4.1795 0.6279
6.5447 1.4061 4.1795 0.6279
6.5447 1.4061 4.1795 0.6279
6.5447 1.4061 4.1596 0.6638
6.5447 1.4061 4.1596 0.6638
6.5447 1.4061 4.1596 0.6638
6.5447 1.4061 4.1596 0.6638
6.5447 1.4061 4.1596 0.6638
6.5447 1.4061 4.1596 0.6638
6.5447 1.4061 4.1693 0.6685
6.5447 1.4061 4.1693 0.6685
6.5447 1.4061 4.1693 0.6685
6.5447 1.4061 4.1789 0.6729
6.5447 1.4061 4.1789 0.6729
6.5480 1.4061 4.1789 0.6730
6.5480 1.4061 4.1789 0.6730
6.5480 1.4061 4.1789 0.6730
6.5480 1.4061 4.1640 0.6930
6.5480 1.4061 4.1863 0.7228
6.5480 1.4061 4.1863 0.7228
6.5480 1.4061 4.1863 0.7228
6.5480 1.4061 4.1863 0.7228
6.5480 1.4061 4.1863 0.7228
6.5480 1.4061 4.1863 0.7228
6.5480 1.4061 4.1863 0.7228
6.5480 1.4061 4.1863 0.7228
6.5480 1.4061 4.1863 0.7228
6.5480 1.4061 4.1863 0.7228
6.5480 1.4061 4.1885 0.7292
6.5480 1.4061 4.1885 0.7292
6.5480 1.4061 4.1982 0.7331
6.5480 1.4061 4.1982 0.7331
6.5480 1.4061 4.1982 0.7331
6.5480 1.4061 4.2079 0.7368
6.5480 1.4061 4.2079 0.7368
6.5480 1.4061 4.2079 0.7368
6.5480 1.4061 4.2079 0.7368
6.5480 1.4061 4.2079 0.7368
6.5480 1.4061 4.2228 0.7170
6.5480 1.4061 4.2029 0.7499
6.5480 1.4061 4.2253 0.7764
6.5480 1.4061 4.2253 0.7764
6.5480 1.4061 4.2253 0.7764
6.5480 1.4061 4.2253 0.7764
6.5480 1.4061 4.2253 0.7764
6.5480 1.4061 4.2253 0.7764
6.5480 1.4061 4.2253 0.7764
6.5480 1.4061 4.2253 0.7764
6.5480 1.4061 4.2350 0.7796
6.5480 1.4061 4.2604 0.8123
6.5480 1.4061 4.2604 0.8123
6.5480 1.4061 4.2701 0.8149
6.5480 1.4061 4.2732 0.8230
6.5480 1.4061 4.2732 0.8230
6.5480 1.4061 4.2732 0.8230
6.5480 1.4061 4.2732 0.8230
6.5480 1.4061 4.2732 0.8230
6.5480 1.4061 4.2732 0.8230
6.5480 1.4061 4.2732 0.8230
6.5480 1.4061 4.2732 0.8230
6.5480 1.4061 4.2732 0.8230
6.5480 2.0079 4.2992 0.7715
6.5480 2.0079 4.2992 0.7715
6.5480 2.0079 4.2992 0.7715
6.5480 2.0079 4.2842 0.7913
6.5480 2.0079 4.2874 0.7996
6.5480 2.0079 4.2874 0.7996
6.5480 2.0079 4.2874 0.7996
6.5480 2.0079 4.2874 0.7996
6.5480 2.0079 4.2874 0.7996
6.5480 2.0079 4.2674 0.8307
6.5480 2.0079 4.2674 0.8307
6.5480 2.0079 4.2684 0.8333
6.5480 2.0079 4.2535 0.8511
6.5480 2.0079 4.2632 0.8537
6.5480 2.0079 4.2689 0.8538
6.5480 2.0079 4.2689 0.8538
6.5480 2.0079 4.2689 0.8538
6.5480 2.0079 4.2689 0.8538
6.5480 2.0079 4.2689 0.8538
6.5480 2.0079 4.2689 0.8538
6.5480 2.0079 4.2689 0.8538
6.5480 2.0079 4.2846 0.8808
6.5480 2.0079 4.3045 0.9087
6.5480 2.0079 4.3045 0.9087
6.5480 2.0079 4.3045 0.9087
6.5480 2.0079 4.3141 0.9106
6.5480 2.0079 4.3141 0.9106
6.5480 2.0079 4.3141 0.9106
6.5480 2.0079 4.3396 0.9367
6.5480 2.0079 4.3545 0.9191
6.5480 2.0079 4.3545 0.9191
6.5480 2.0079 4.3545 0.9191
6.5480 2.0079 4.3545 0.9191
6.5480 2.0079 4.3545 0.9191
6.5480 2.0079 4.3545 0.9191
6.5480 2.0079 4.3641 0.9204
6.5480 2.0079 4.3641 0.9204
6.5480 2.0079 4.3641 0.9204
6.5480 2.0079 4.3641 0.9204
6.5480 2.0079 4.3641 0.9204
6.5480 2.0079 4.3641 0.9204
6.5480 2.0079 4.3641 0.9204
6.5480 2.0079 4.3442 0.9491
6.5480 2.0079 4.3442 0.9491
6.5480 2.0079 4.3442 0.9491
6.5480 2.0079 4.3442 0.9491
6.5480 2.0079 4.3538 0.9505
6.5480 2.0079 4.3538 0.9505
6.5480 2.0079 4.3538 0.9505
6.5480 2.0079 4.3575 0.9498
6.5480 2.0079 4.3575 0.9498
6.5480 2.0079 4.3575 0.9498
6.5480 2.0079 4.3575 0.9498
6.5480 2.0079 4.3774 0.9208
6.5480 2.0079 4.3774 0.9208
6.5480 2.0079 4.3709 0.9265
6.5480 2.0079 4.3908 0.8964
6.5480 2.0079 4.4163 0.9208
6.5480 2.0079 4.4163 0.9208
6.5480 2.0079 4.4163 0.9208
6.5480 2.0079 4.4163 0.9208
6.5480 2.0079 4.4163 0.9208
6.5480 2.0079 4.4163 0.9208
6.5480 2.0079 4.4163 0.9208
6.5480 2.0079 4.4163 0.9208
6.5480 2.0079 4.4322 0.9435
6.5480 2.0079 4.4322 0.9435
6.5480 2.0079 4.4322 0.9435
6.5480 2.0079 4.4322 0.9435
6.5480 2.0079 4.4322 0.9435
6.5480 2.0079 4.4322 0.9435
6.5480 2.0079 4.4322 0.9435
6.5480 2.0079 4.4322 0.9435
6.5480 2.0079 4.4322 0.9435
6.5480 2.0079 4.4322 0.9435
6.5480 2.0079 4.4322 0.9435
6.5480 2.0079 4.4379 0.9426
6.5480 2.0079 4.4386 0.9408
6.5480 2.0079 4.4386 0.9408
6.5480 2.0079 4.4386 0.9408
6.5480 2.0079 4.4187 0.9704
6.5480 2.0079 4.4187 0.9704
6.5480 2.0079 4.4187 0.9704
6.5480 2.0079 4.4138 0.9737
6.5480 2.0079 4.4393 0.9956
6.5480 2.0079 4.4393 0.9956
6.5480 2.0079 4.4441 0.9947
6.5480 2.0079 4.4441 0.9947
6.5480 2.0079 4.4539 1.0045
6.5480 2.0079 4.4539 1.0045
6.5480 2.0079 4.4539 1.0045
6.5480 2.0079 4.4539 1.0045
6.5480 2.0079 4.4794 1.0248
6.5480 2.0079 4.4794 1.0248
6.5480 2.0079 4.4794 1.0248
6.5480 2.0079 4.4890 1.0247
6.5480 2.0079 4.4789 1.0391
6.5480 2.0079 4.5044 1.0582
6.5480 2.0079 4.5044 1.0582
6.5480 2.0079 4.5044 1.0582
6.5480 2.0079 4.5050 1.0862
6.5480 2.0079 4.5050 1.0862
6.5480 2.0079 4.5083 1.0851
6.5480 2.0079 4.5180 1.0849
6.5480 2.0079 4.5180 1.0849
6.5480 2.0079 4.5180 1.0849
6.5480 2.0079 4.5180 1.0849
6.5480 2.0079 4.5180 1.0849
6.5480 2.0079 4.5276 1.0845
6.5480 2.0079 4.5277 1.0845
6.5480 2.0079 4.5277 1.0845
6.5480 2.0079 4.5532 1.1016
6.6395 2.0079 4.5252 1.1296
6.7856 2.0079 4.5530 1.1505
6.7856 2.0079 4.5587 1.1491
6.7856 2.0079 4.5643 1.1478
6.7856 2.0079 4.5420 1.1367
6.7856 0.1353 4.4779 1.2009
6.7856 0.1353 4.4827 1.1999
6.7856 0.1353 4.4985 1.2165
6.7856 0.1353 4.4985 1.2165
6.7856 0.1353 4.4992 1.2558
6.7856 0.1353 4.5141 1.2409
6.7856 0.1353 4.5396 1.2561
6.7856 0.1353 4.5642 1.2402
6.7856 0.1353 4.5691 1.2408
6.7856 0.1353 4.5980 1.2159
6.7856 0.1353 4.6044 1.2142
6.7856 0.1353 4.6046 1.2138
6.7856 0.1353 4.6046 1.2138
6.7856 0.1353 4.5951 1.2149
6.7856 0.1353 4.6109 1.2298
6.7856 0.1353 4.5854 1.2157
6.7856 0.1353 4.5854 1.2157
6.7856 0.1353 4.5691 1.2001
6.7856 0.1353 4.5731 1.2008
6.7856 0.1353 4.5731 1.2008
6.7856 0.1353 4.5930 1.1743
6.7856 0.1353 4.5939 1.1743
6.7856 0.1353 4.5939 1.1743
6.7856 0.1353 4.5939 1.1743
6.7856 0.1353 4.5939 1.1743
6.7856 0.1353 4.6036 1.1733
6.7856 0.1353 4.5844 1.1985
6.7856 0.1353 4.6066 1.2079
6.7856 0.1353 4.6163 1.2069
6.7856 0.1353 4.6163 1.2069
6.7856 0.1353 4.6362 1.1798
6.7856 0.1353 4.6069 1.2307
6.7856 0.1353 4.6323 1.2441
6.7856 0.1353 4.6419 1.2429
6.7856 0.1353 4.6419 1.2429
6.7856 0.1353 4.6419 1.2429
6.7856 0.1353 4.6516 1.2417
6.7856 0.1353 4.6675 1.2556
6.7856 0.1353 4.6676 1.2556
6.7856 0.1353 4.6676 1.2556
6.7856 0.1353 4.6782 1.2626
6.7856 0.1353 4.6782 1.2626
6.7856 0.1353 4.6979 1.2746
6.7856 0.1353 4.6979 1.2746
6.7856 0.1353 4.7137 1.2825
6.7856 0.1353 4.7137 1.2825
6.7856 0.1353 4.7137 1.2825
6.7856 0.1353 4.7137 1.2825
6.7856 0.1353 4.7137 1.2825
6.7856 0.1353 4.7137 1.2825
6.7856 0.1353 4.7193 1.2806
6.7856 0.1353 4.7158 1.2761
6.7856 0.1353 4.7160 1.2761
6.7856 0.1353 4.7160 1.2761
6.7856 0.1353 4.7160 1.2761
6.7856 0.1353 4.7508 1.2860
6.7856 0.1353 4.7508 1.2860
6.7856 0.1353 4.7899 1.2316
6.7856 0.1353 4.8110 1.2417
6.7856 0.1353 4.8269 1.2536
6.7856 0.1353 4.8277 1.2535
6.7856 0.1353 4.8277 1.2535
6.7856 0.1353 4.8326 1.2590
6.7856 0.1353 4.8572 1.2664
6.7856 0.1353 4.8826 1.2745
6.7856 0.1353 4.8826 1.2745
6.7856 0.1353 4.8826 1.2745
6.7856 0.1353 4.8826 1.2745
6.7856 0.1353 4.8826 1.2745
6.7856 0.1353 4.8418 1.3006
6.7856 0.1353 4.8418 1.3006
6.7856 0.1353 4.8388 1.3006
6.7856 0.1353 4.8578 1.2741
6.7856 0.1353 4.8356 1.2696
6.7856 0.1353 4.8356 1.2696
6.7856 0.1353 4.8356 1.2696
6.7856 0.1353 4.8448 1.2668
6.7856 0.1353 4.8448 1.2668
6.7856 0.1353 4.8501 1.2728
6.7856 0.1353 4.8501 1.2728
6.7856 2.0082 4.9142 1.1926
6.7856 2.0082 4.8988 1.1872
6.7856 2.0082 4.8988 1.1872
6.7856 2.0082 4.9243 1.1949
6.7856 0.2404 4.9058 1.2517
6.7856 0.2404 4.9099 1.2512
6.7856 0.2404 4.9099 1.2512
6.7856 0.2404 4.9247 1.2606
6.7856 0.2404 4.9302 1.2577
6.7856 0.2404 4.9370 1.2642
6.7856 0.2404 4.9370 1.2642
6.7856 0.2404 4.9623 1.2705
6.7856 0.2404 4.9721 1.2742
6.7856 0.2404 4.9721 1.2742
6.7856 0.2404 4.9527 1.2887
6.7856 0.2404 4.9529 1.2887
6.7856 0.2404 4.9529 1.2887
6.7856 0.2404 4.9529 1.2887
6.7856 0.2404 4.9529 1.2887
6.7856 0.2404 4.9337 1.3167
6.7856 0.2404 4.9539 1.3178
6.7856 0.2404 4.9539 1.3178
6.7856 0.2404 4.9708 1.3273
6.7856 0.2404 4.9708 1.3273
6.7856 0.2404 4.9915 1.3281
6.7856 0.2404 5.0135 1.3297
6.7856 0.2404 5.0135 1.3298
6.7856 0.2404 5.0135 1.3298
6.7856 0.2404 5.0320 1.3381
6.7856 0.2404 5.0575 1.3425
6.7856 0.2404 5.0426 1.3352
6.7856 0.2404 5.0426 1.3352
6.7856 0.2404 5.0523 1.3311
6.9068 0.2404 5.0559 1.3356
6.9068 0.2404 5.0739 1.3462
6.9068 0.2404 5.0643 1.3504
6.9068 0.2404 5.0643 1.3504
6.9068 0.2404 5.0643 1.3504
6.9068 0.2404 5.0643 1.3504
6.9068 0.2404 5.0643 1.3504
6.9068 0.2404 5.0711 1.3566
6.9068 0.2404 5.0880 1.3657
6.9068 0.2404 5.0970 1.3630
6.9068 0.2404 5.1173 1.3616
6.9068 0.2404 5.1116 1.3701
6.9068 0.2404 5.1213 1.3657
6.9068 0.2404 5.1471 1.3687
6.9068 0.2404 5.1630 1.3757
6.9068 0.2404 5.1630 1.3757
6.9068 0.2404 5.1727 1.3708
6.9068 0.2404 5.1981 1.3725
6.9068 0.2404 5.2236 1.3737
6.9068 0.2404 5.2236 1.3737
6.9068 0.2404 5.2438 1.3704
6.9068 0.2404 5.2438 1.3704
6.9174 0.2404 5.2298 1.3665
6.9174 0.2404 5.2298 1.3665
6.9174 0.2404 5.2298 1.3665
6.9174 0.2404 5.2543 1.3662
6.9174 0.2404 5.2240 1.3708
6.9254 0.2404 5.2253 1.3725
6.9254 0.2404 5.2717 1.3409
6.9254 0.2404 5.2620 1.3465
6.9254 0.2404 5.2825 1.3427
6.9254 0.2404 5.2829 1.3438
6.9254 0.2404 5.2733 1.3494
6.9254 0.2404 5.3187 1.3148
6.9254 0.2404 5.3234 1.3182
6.9254 0.2404 5.3331 1.3120
6.9254 0.2404 5.3293 1.3136
6.9254 0.2404 5.3437 1.3172
6.9254 0.2404 5.3535 1.3241
6.9254 0.2404 5.3552 1.3255
6.9254 0.2404 5.3552 1.3255
6.9254 0.2404 5.3701 1.3016
6.9254 0.2404 5.3447 1.3032
6.9254 0.2404 5.3598 1.3029
6.9254 0.2404 5.3609 1.3039
6.9254 0.2404 5.3609 1.3039
6.9254 0.2404 5.3609 1.3039
6.9254 0.2404 5.3512 1.3104
6.9254 0.2404 5.3530 1.3120
6.9254 0.2404 5.3627 1.3055
6.9254 0.2404 5.3627 1.3055
6.9254 0.2404 5.3594 1.3069
6.9254 0.2404 5.3622 1.3085
6.9254 0.2404 5.3622 1.3085
6.9254 0.2404 5.3944 1.3134
6.9254 0.2404 5.3944 1.3134
6.9254 0.2404 5.3958 1.3147
6.9254 0.2404 5.3972 1.3161
6.9254 0.2404 5.3782 1.3357
6.9254 0.2404 5.3650 1.3339
6.9254 0.2404 5.4006 1.2926
6.9254 0.2404 5.4039 1.2951
6.9254 0.2404 5.3953 1.3023
6.9254 0.2404 5.4208 1.2997
6.9254 0.2404 5.4357 1.3029
6.9254 0.2404 5.4484 1.3045
6.9254 0.2404 5.4484 1.3045
6.9254 0.2404 5.4581 1.2973
6.9254 0.2404 5.4581 1.2973
6.9254 0.2404 5.4856 1.2948
6.9254 0.2404 5.4821 1.2924
6.9254 0.2404 5.4773 1.2898
6.9254 0.2404 5.5027 1.2855
6.9254 0.2404 5.5027 1.2855
6.9254 0.2404 5.5027 1.2855
6.9254 0.2404 5.4881 1.2836
6.9254 0.2404 5.4881 1.2836
6.9254 0.2404 5.4917 1.2861
6.9254 0.2404 5.5112 1.2928
6.9254 0.2404 5.5112 1.2928
6.9254 0.2404 5.5112 1.2928
6.9254 0.2404 5.5143 1.2956
6.9254 0.2404 5.5143 1.2956
6.9254 0.2404 5.5234 1.2997
6.9254 0.2404 5.5265 1.3018
6.9254 0.2404 5.5175 1.3100
6.9254 0.2404 5.5175 1.3100
6.9254 0.2404 5.5175 1.3100
6.9254 0.2404 5.4880 1.3314
6.9254 0.2404 5.5038 1.3345
6.9254 0.2404 5.4783 1.3386
6.9254 0.2404 5.5294 1.3299
6.9254 3.0336 5.5925 1.2229
6.9254 3.0336 5.5925 1.2229
6.9254 3.0336 5.6179 1.2159
7.2590 3.0336 5.6056 1.2182
7.2590 3.0336 5.6056 1.2182
7.2590 3.0336 5.6074 1.2197
7.2590 3.0336 5.6074 1.2197
7.2590 3.0336 5.6234 1.2218
7.2590 3.0336 5.6331 1.2127
7.2590 3.0336 5.6331 1.2127
7.2590 3.0336 5.6297 1.2150
7.2590 3.0336 5.6297 1.2150
7.2590 3.0336 5.6297 1.2150
7.2590 3.0336 5.6298 1.2150
7.2590 3.0336 5.6298 1.2150
7.2590 3.0336 5.6332 1.2127
7.2590 3.0336 5.6332 1.2127
7.2590 3.0336 5.6332 1.2127
7.2590 3.0336 5.6332 1.2127
7.2590 3.0336 5.6223 1.2094
7.2590 3.0336 5.6223 1.2094
7.2590 3.0336 5.6223 1.2094
7.2590 3.0336 5.6167 1.2156
7.2590 3.0336 5.6167 1.2156
7.2590 3.0336 5.6324 1.2174
7.2590 3.0336 5.6324 1.2174
7.2590 3.0336 5.6070 1.2246
7.2590 3.0336 5.6056 1.2236
7.2590 3.0336 5.6024 1.2216
7.2590 3.0336 5.6024 1.2216
7.2590 3.0336 5.6279 1.2145
7.2590 3.0336 5.6279 1.2145
7.2590 3.0336 5.6190 1.2297
7.2590 3.0336 5.6199 1.2304
7.2590 3.0336 5.6475 1.2246
7.2590 3.0336 5.6456 1.2240
7.2590 3.0336 5.6493 1.2273
7.2590 3.0336 5.6651 1.2286
7.2590 3.0336 5.6748 1.2192
7.2590 3.0336 5.6590 1.2181
7.2590 3.0336 5.6687 1.2086
7.2590 3.0336 5.6687 1.2086
7.2590 3.0336 5.6432 1.2167
7.2590 3.0336 5.6432 1.2167
7.2590 3.0336 5.6432 1.2167
7.2590 3.0336 5.6704 1.2100
7.2590 3.0336 5.6704 1.2100
7.2590 3.0336 5.6504 1.2209
7.2590 3.0336 5.6504 1.2209
7.2590 3.0336 5.6774 1.2139
7.2590 2.0744 5.6721 1.2337
7.2590 2.0744 5.6624 1.2430
7.2590 2.0744 5.6220 1.2787
7.2590 2.0744 5.6368 1.2796
7.2590 2.0744 5.6368 1.2796
7.2590 2.0744 5.6548 1.2827
7.2590 2.0744 5.6548 1.2827
7.2590 2.0744 5.6853 1.2676
7.2590 2.0080 5.6722 1.2983
7.2590 2.0080 5.6728 1.2988
7.2590 2.0080 5.6728 1.2988
7.2590 2.0080 5.6721 1.2983
7.2590 2.0080 5.6730 1.2990
7.2590 2.0080 5.6985 1.2909
7.2590 2.0080 5.7143 1.2915
7.2590 2.0080 5.7143 1.2915
7.2590 2.0080 5.7297 1.2685
7.2590 2.0080 5.7297 1.2685
7.2590 2.0080 5.7520 1.2575
7.2590 2.0080 5.7520 1.2575
7.2590 2.0080 5.7414 1.2596
7.2590 2.0080 5.7596 1.2614
7.2590 2.0080 5.7888 1.2541
7.2590 2.0080 5.7960 1.2458
7.2590 2.0080 5.7951 1.2453
7.2590 2.0080 5.8086 1.2436
7.2590 2.0080 5.8243 1.2428
7.2590 2.0080 5.8370 1.2227
7.2590 2.0080 5.8371 1.2227
7.2590 2.0080 5.8672 1.2137
7.2590 2.0080 5.8705 1.2109
7.2590 2.0080 5.8713 1.2114
7.2590 2.0080 5.8669 1.2097
7.2590 2.0080 5.8879 1.2121
7.2590 2.0080 5.8624 1.2247
7.2590 0.1909 5.7977 1.3457
7.2590 0.1909 5.7994 1.3469
7.2590 0.1909 5.8422 1.3091
7.2590 0.1909 5.8610 1.3041
7.2590 0.1909 5.8368 1.3159
7.2590 0.1909 5.8318 1.3567
7.2590 0.1909 5.8373 1.3585
7.2590 0.1909 5.8373 1.3585
7.2590 0.1909 5.8568 1.3598
7.2590 0.1909 5.8450 1.3726
7.2590 0.1909 5.8100 1.3985
7.2590 0.1909 5.7890 1.4029
7.2590 0.1909 5.8284 1.3806
7.2590 0.1909 5.8284 1.3806
