2.1137 0.0007 0.1626 0.2121
2.1137 0.0007 0.1648 0.2117
2.1137 0.0007 0.1670 0.2113
2.1137 0.0007 0.1994 0.3071
2.1137 0.0007 0.2002 0.3070
2.1137 0.0007 0.2013 0.3070
2.1137 0.0007 0.2028 0.3068
2.1137 0.0007 0.2050 0.3062
2.1137 0.0007 0.2068 0.3061
2.1137 0.0007 0.2089 0.3060
2.1137 0.0007 0.2082 0.3061
2.1137 0.0007 0.2102 0.3059
2.1137 0.0007 0.2112 0.3059
2.1137 0.0007 0.2119 0.3058
2.1137 0.0007 0.2152 0.3050
2.1137 0.0007 0.2003 0.2626
2.1137 0.0007 0.2013 0.2625
2.1137 0.0007 0.2023 0.2625
2.1137 0.0007 0.2013 0.2625
2.1137 0.0007 0.2023 0.2625
2.1137 0.0007 0.2033 0.2624
2.1137 0.0007 0.2033 0.2624
2.1137 0.0007 0.2036 0.2624
2.1137 0.0007 0.2036 0.2624
2.1137 0.0007 0.2198 0.3046
2.1137 0.0007 0.2208 0.3045
2.1137 0.0007 0.2230 0.3038
2.1137 0.0007 0.2252 0.3031
2.1137 0.0007 0.2252 0.3031
2.1137 0.0007 0.2250 0.3032
2.1137 0.0007 0.2272 0.3025
2.1137 0.0007 0.2275 0.3025
2.1137 0.0007 0.2309 0.3015
2.1137 0.0007 0.2310 0.3015
2.1137 0.0007 0.2323 0.3013
2.1137 0.0007 0.2332 0.3012
2.1137 0.0007 0.2343 0.3010
2.1137 0.0007 0.2343 0.3010
2.1137 0.0007 0.2343 0.3010
2.1137 0.0007 0.2353 0.3008
2.1137 0.0007 0.2353 0.3008
2.1137 0.0007 0.2355 0.3008
2.1137 0.0007 0.2376 0.3005
2.1137 0.0007 0.2398 0.2997
2.1137 0.0007 0.2398 0.2997
2.1137 0.0007 0.2406 0.2995
2.1137 0.0007 0.2419 0.2987
2.1137 0.0007 0.2429 0.2986
2.1137 0.0007 0.2429 0.2986
2.1137 0.0007 0.2453 0.2977
2.1137 0.0007 0.2455 0.2977
2.1137 0.0007 0.2456 0.2977
2.1137 0.0007 0.2456 0.2977
2.1137 0.0007 0.2453 0.2977
2.1137 0.0007 0.2463 0.2975
2.1137 0.0007 0.2464 0.2975
2.1137 0.0007 0.2473 0.2973
2.1137 0.0007 0.2484 0.2971
2.1137 0.0007 0.2486 0.2971
2.1137 0.0007 0.2505 0.2962
2.1137 0.0007 0.2667 0.3318
2.1137 0.0007 0.2692 0.3308
2.1137 0.0007 0.2706 0.3308
2.1137 0.0007 0.2716 0.3306
2.1137 0.0007 0.2726 0.3303
2.1137 0.0007 0.2748 0.3293
2.1137 0.0007 0.2748 0.3293
2.1137 0.0007 0.2748 0.3293
2.1137 0.0007 0.2738 0.3296
2.1137 0.0007 0.2728 0.3298
2.1137 0.0007 0.2738 0.3296
2.1137 0.0007 0.2737 0.3296
2.1137 0.0007 0.2757 0.3291
2.1137 0.0007 0.2757 0.3291
2.1137 0.0007 0.2746 0.3293
2.1137 0.0007 0.2745 0.3294
2.1137 0.0007 0.2745 0.3294
2.1137 0.0007 0.2747 0.3293
2.1137 0.0007 0.2747 0.3293
2.1137 0.0007 0.2769 0.3283
2.1137 0.0007 0.2771 0.3283
2.1137 0.0007 0.2771 0.3283
2.1137 0.0007 0.2771 0.3283
2.1137 0.0007 0.2771 0.3283
2.1137 0.0007 0.2773 0.3283
2.1137 0.0007 0.2773 0.3283
2.1137 0.0007 0.2621 0.2925
2.1137 0.0166 0.2644 0.2914
2.1137 0.0166 0.2643 0.2914
2.1137 0.0166 0.2653 0.2911
2.1137 0.0166 0.2653 0.2911
2.1137 0.0166 0.2653 0.2911
2.1137 0.0166 0.2660 0.2909
2.1137 0.0166 0.2681 0.2903
2.1137 0.0166 0.2681 0.2903
2.1137 0.0166 0.2681 0.2903
2.1137 0.0166 0.2681 0.2903
2.1137 0.0166 0.2681 0.2903
2.1137 0.0166 0.2693 0.2900
2.1137 0.0166 0.2703 0.2898
2.1137 0.0166 0.2701 0.2898
2.1137 0.0166 0.2691 0.2901
2.1137 0.0166 0.2681 0.2904
2.1137 0.0166 0.2703 0.2893
2.1137 0.0166 0.2703 0.2893
2.1137 0.0166 0.2705 0.2892
2.1137 0.0166 0.2716 0.2889
2.1137 0.0166 0.2755 0.2927
2.1137 0.0166 0.2769 0.2924
2.1137 0.0166 0.2770 0.2924
2.1137 0.0166 0.2743 0.2917
2.1137 0.0166 0.2733 0.2920
2.1137 0.0166 0.2743 0.2917
2.1137 0.0166 0.2733 0.2920
2.1137 0.0166 0.2734 0.2920
2.1137 0.0166 0.2742 0.2917
2.1137 0.0166 0.2741 0.2917
2.1137 0.0166 0.2733 0.2920
2.1137 0.0166 0.2744 0.2917
2.1137 0.0166 0.2747 0.2916
2.1137 0.0166 0.2899 0.3269
2.1137 0.0166 0.2900 0.3269
2.1137 0.0166 0.2900 0.3269
2.1137 0.0166 0.2900 0.3269
2.1137 0.0166 0.2900 0.3269
2.1137 0.0166 0.2890 0.3272
2.1137 0.0166 0.2890 0.3272
2.1137 0.0166 0.2881 0.3275
2.1137 0.0166 0.2879 0.3275
2.1137 0.0166 0.2888 0.3272
2.1137 0.0166 0.2867 0.3275
2.1137 0.0166 0.2857 0.3278
2.1137 0.0166 0.2859 0.3278
2.1137 0.0166 0.2706 0.2924
2.1137 0.0166 0.2707 0.2924
2.1137 0.0166 0.2707 0.2924
2.1137 0.0166 0.2707 0.2924
2.1137 0.0166 0.2708 0.2924
2.1137 0.0166 0.2669 0.2885
2.1137 0.0166 0.2668 0.2886
2.1137 0.0166 0.2669 0.2885
2.1137 0.0166 0.2679 0.2883
2.1137 0.0166 0.2679 0.2883
2.1137 0.0166 0.2679 0.2883
2.1137 0.0166 0.2679 0.2883
2.1137 0.0166 0.2682 0.2882
2.1137 0.0166 0.2679 0.2883
2.1137 0.0166 0.2676 0.2883
2.1137 0.0166 0.2672 0.2884
2.1137 0.0166 0.2669 0.2884
2.1137 0.0166 0.2675 0.2917
2.1137 0.0166 0.2673 0.2917
2.1137 0.0166 0.2673 0.2917
2.1137 0.0166 0.2683 0.2915
2.1137 0.0166 0.2682 0.2915
2.1137 0.0166 0.2672 0.2917
2.1137 0.0166 0.2674 0.2917
2.1137 0.0166 0.2849 0.3384
2.1137 0.0166 0.2849 0.3384
2.1137 0.0166 0.2850 0.3384
2.1137 0.0166 0.2850 0.3384
2.1137 0.0166 0.2850 0.3384
2.1137 0.0166 0.2840 0.3387
2.1137 0.0166 0.2840 0.3387
2.1137 0.0166 0.2840 0.3387
2.1137 0.0166 0.2841 0.3387
2.1137 0.0166 0.2841 0.3387
2.1137 0.0166 0.2841 0.3387
2.1137 0.0166 0.2904 0.3418
2.1137 0.0166 0.2904 0.3418
2.1137 0.0166 0.2914 0.3415
2.1137 0.0166 0.2914 0.3415
2.1137 0.0166 0.2922 0.3412
2.1137 0.0166 0.2922 0.3412
2.1137 0.0166 0.2924 0.3412
2.1137 0.0166 0.2942 0.3426
4.0514 0.0166 0.3517 0.6027
4.0514 0.0166 0.3517 0.6027
4.0514 0.0166 0.3517 0.6027
4.0514 0.0166 0.3529 0.6024
4.0997 0.0166 0.3890 0.7088
4.0997 0.0166 0.4064 0.7262
4.0997 0.0166 0.4064 0.7262
4.0997 0.0166 0.4052 0.7240
4.0997 0.0166 0.4062 0.7237
4.0997 0.0166 0.4072 0.7236
4.0997 0.0166 0.4072 0.7236
4.0997 0.0166 0.4072 0.7236
4.0997 0.0166 0.4075 0.7235
4.0997 0.0166 0.4074 0.7235
4.0997 0.0166 0.4082 0.7233
4.0997 0.0166 0.4090 0.7236
4.0997 0.0166 0.4100 0.7233
4.0997 0.0166 0.4100 0.7233
4.0997 0.0166 0.4100 0.7233
4.0997 0.0166 0.4100 0.7233
4.0997 0.0166 0.4100 0.7233
4.0997 0.0166 0.4110 0.7230
4.0997 0.0166 0.4111 0.7230
4.0997 0.0166 0.4110 0.7230
4.0997 0.0166 0.4112 0.7230
4.0997 0.0166 0.4112 0.7230
4.0997 0.0166 0.4104 0.7232
4.0997 0.0166 0.4113 0.7231
4.0997 0.0166 0.4123 0.7228
4.0997 0.0166 0.4115 0.7230
4.0997 0.0166 0.4124 0.7227
4.0997 0.0166 0.4127 0.7226
4.0997 0.0166 0.4127 0.7226
4.0997 0.0166 0.4125 0.7227
4.0997 0.1029 0.4147 0.7218
4.0997 0.1029 0.4332 0.7379
4.0997 0.1029 0.4321 0.7383
4.0997 0.1029 0.4331 0.7379
4.0997 0.1029 0.4331 0.7379
4.0997 0.1029 0.4320 0.7383
4.0997 0.1029 0.4310 0.7386
4.0997 0.1029 0.4310 0.7386
4.1189 0.1029 0.4697 0.8244
4.1189 0.1029 0.4698 0.8244
4.1189 0.1029 0.4698 0.8244
4.1189 0.1029 0.4698 0.8244
4.1189 0.1029 0.4701 0.8243
4.1189 0.1029 0.4703 0.8243
4.1189 0.1029 0.4703 0.8243
4.1189 0.1029 0.4715 0.8239
4.1189 0.1029 0.4716 0.8239
4.1189 0.1029 0.4847 0.8286
4.1189 0.1029 0.4847 0.8286
4.1189 0.1029 0.4847 0.8286
4.1189 0.1029 0.5021 0.8415
4.1189 0.1029 0.5011 0.8418
4.1189 0.1029 0.5011 0.8418
4.1189 0.1029 0.5012 0.8418
4.1189 0.1029 0.5004 0.8421
4.1189 0.1029 0.5011 0.8419
4.1189 0.1029 0.5011 0.8419
4.1189 0.1029 0.5174 0.8524
4.1189 0.1029 0.5181 0.8522
4.1189 0.1029 0.5181 0.8522
4.1189 0.1029 0.5279 0.8533
4.1189 0.1029 0.5290 0.8529
4.1189 0.1029 0.5290 0.8529
4.1189 0.1029 0.5896 0.9783
4.1189 0.1029 0.5886 0.9787
4.1189 0.1029 0.5888 0.9786
4.1189 0.1029 0.5889 0.9786
4.1189 0.1029 0.5880 0.9789
4.1189 0.1029 0.5883 0.9788
4.1189 0.1029 0.5882 0.9788
4.1189 0.1029 0.5889 0.9785
4.1189 0.1029 0.5891 0.9784
4.1189 0.1029 0.5889 0.9785
4.1189 0.1029 0.6052 0.9855
4.1189 0.1029 0.6053 0.9854
4.1189 0.1029 0.6067 0.9848
4.1189 0.1029 0.6068 0.9848
4.1189 0.1029 0.6179 0.9867
4.1189 0.1029 0.6336 0.9932
4.1189 0.1029 0.6340 0.9930
4.1189 0.1029 0.6330 0.9934
4.1189 0.1029 0.6711 1.0491
4.1189 0.1029 0.6712 1.0491
4.1189 0.1029 0.6700 1.0496
4.1189 0.1029 0.6699 1.0497
4.1189 0.1029 0.6699 1.0497
4.1189 0.1029 0.6784 1.0495
4.1189 0.1029 0.7167 1.1018
4.1189 0.1029 0.7327 1.1062
4.1189 0.1029 0.7334 1.1059
4.1189 0.1029 0.7269 1.1068
4.1189 0.1029 0.7268 1.1069
4.1189 0.1029 0.7268 1.1068
4.1189 0.1029 0.7259 1.1073
4.1189 0.1029 0.7643 1.1560
4.1189 0.1029 0.7643 1.1560
4.1189 0.1029 0.7643 1.1560
4.1189 0.1029 0.7670 1.1579
4.1189 0.1029 0.7680 1.1574
4.1189 0.1029 0.7683 1.1573
4.1189 0.1029 0.7686 1.1571
4.1189 0.1029 0.7698 1.1566
4.1189 0.1029 0.7687 1.1571
4.1189 0.1029 0.7715 1.1562
4.1189 0.1029 0.8095 1.1998
4.1189 0.1029 0.8085 1.2003
4.1189 0.1029 0.8084 1.2004
4.1189 0.1029 0.8080 1.2006
4.1189 0.1029 0.8079 1.2006
4.1189 0.1338 0.8092 1.1999
4.1189 0.1338 0.8290 1.2049
4.1189 0.1338 0.8164 1.2045
4.1189 0.1338 0.8239 1.2026
4.1189 0.1338 0.8242 1.2024
4.1189 0.1338 0.8239 1.2026
4.1189 0.1338 0.8239 1.2026
4.1189 0.1338 0.8229 1.2031
4.1189 0.1338 0.8229 1.2031
4.1189 0.1338 0.8219 1.2036
4.1189 0.1338 0.8219 1.2036
4.1189 0.1338 0.8219 1.2036
4.1189 0.1338 0.8191 1.2046
4.1189 0.1338 0.8191 1.2046
4.1189 0.1338 0.8181 1.2052
4.1189 0.1338 0.8178 1.2053
4.1189 0.1338 0.8150 1.2043
4.1189 0.1338 0.8160 1.2038
4.1189 0.1338 0.8328 1.2060
4.0997 0.1338 0.8707 1.2455
4.0997 0.1338 0.8638 1.2087
4.0997 0.1338 0.8638 1.2087
4.0997 0.1338 0.8648 1.2081
4.0997 0.1338 0.8651 1.2079
4.0997 0.1338 0.8650 1.2080
4.0997 0.1338 0.9035 1.2478
4.0997 0.1338 0.9025 1.2484
4.0997 0.1338 0.9025 1.2484
4.0997 0.1338 0.9035 1.2478
4.0997 0.1338 0.9039 1.2468
4.0997 0.0264 0.8636 1.2084
4.0997 0.0264 0.8636 1.2084
4.0997 0.0264 0.8646 1.2078
4.0997 0.0264 0.8815 1.2108
4.0997 0.0264 0.8658 1.2087
4.0997 0.0264 0.8490 1.2061
4.0997 0.0264 0.8500 1.2056
4.0997 0.0264 0.8500 1.2056
4.0997 0.0264 0.8466 1.2061
4.0997 0.0264 0.8466 1.2061
4.0997 0.0264 0.8466 1.2061
4.0997 0.0264 0.8551 1.2047
4.0997 0.0264 0.8558 1.2043
4.0793 0.0264 0.8330 1.1636
4.0793 0.0264 0.8340 1.1630
4.0793 0.0264 0.8734 1.2046
4.0793 0.0264 0.8734 1.2046
4.0793 0.0264 0.8733 1.2046
4.0793 0.0264 0.8733 1.2046
4.0793 0.0264 0.8725 1.2041
4.0793 0.0264 0.8725 1.2041
4.0793 0.0264 0.8913 1.2087
4.0793 0.0264 0.9297 1.2477
4.0793 0.0264 0.9287 1.2483
4.0793 0.0264 0.9411 1.2466
4.0793 0.0264 0.9411 1.2466
4.0793 0.0264 0.9412 1.2465
4.0793 0.0264 0.9412 1.2465
4.0793 0.0264 0.9402 1.2471
4.0793 0.0264 0.9405 1.2479
4.0793 0.0264 0.9786 1.2836
4.0793 0.0264 0.9787 1.2835
4.0793 0.0264 0.9797 1.2829
4.0793 0.0264 0.9956 1.2835
4.0793 0.0264 0.9871 1.2857
4.0793 0.0264 0.9882 1.2851
4.0793 0.0264 0.9838 1.2840
4.0793 0.0264 0.9838 1.2840
4.0793 0.0264 0.9831 1.2844
4.0793 0.0264 0.9831 1.2844
4.0793 0.0264 0.9831 1.2844
4.0793 0.0264 0.9750 1.2798
4.0793 0.0264 0.9747 1.2791
4.0793 0.1378 0.9758 1.2784
4.0793 0.1378 0.9751 1.2788
4.0793 0.1378 0.9896 1.2794
4.0793 0.1378 0.9886 1.2800
4.0793 0.1378 0.9886 1.2800
4.0793 0.1378 0.9886 1.2800
4.0793 0.1378 0.9887 1.2800
4.0793 0.1378 1.0223 1.2815
4.0793 0.1378 1.0224 1.2815
4.0793 0.1378 1.0224 1.2815
4.0793 0.1329 1.0212 1.2821
4.0793 0.1329 1.0223 1.2814
4.0793 0.1329 1.0600 1.3130
4.0793 0.1329 1.0610 1.3124
4.0793 0.1329 1.0229 1.2801
4.0793 0.1329 1.0227 1.2802
4.0793 0.1329 1.0607 1.3126
4.0793 0.1329 1.0607 1.3126
4.0793 0.1329 1.0608 1.3125
4.0793 0.1329 1.0608 1.3125
4.0793 0.1329 1.0992 1.3437
4.0793 0.1329 1.1112 1.3412
4.0793 0.1329 1.1112 1.3413
4.0793 0.1329 1.1270 1.3403
4.0793 0.1329 1.0880 1.3112
4.0793 0.1329 1.0752 1.3109
4.0793 0.1329 1.0761 1.3104
4.0793 0.1327 1.0591 1.3115
4.0793 0.1327 1.0590 1.3115
4.0793 0.1327 1.0620 1.3131
4.0793 0.1327 1.0620 1.3131
4.0793 0.1327 1.0620 1.3131
4.0793 0.1327 1.0835 1.3444
4.0793 0.1327 1.0987 1.3433
4.0793 0.1327 1.0996 1.3427
4.0793 0.1327 1.0997 1.3427
4.0793 0.1327 1.1137 1.3409
4.0793 0.1327 1.1023 1.3434
4.0793 0.1327 1.1013 1.3441
4.0793 0.1327 1.1013 1.3440
4.0793 0.1327 1.1002 1.3448
4.0793 0.1327 1.1181 1.3437
4.0793 0.1327 1.1023 1.3447
4.0793 0.1327 1.1019 1.3450
4.0793 0.1327 1.0987 1.3448
4.0793 0.1327 1.1150 1.3441
4.0793 0.1327 1.1153 1.3439
4.0793 0.1327 1.1142 1.3434
4.0793 0.1327 1.1153 1.3427
4.0793 0.1327 1.1534 1.3711
4.0793 0.1327 1.1664 1.3685
4.0793 0.1327 1.1664 1.3685
4.0793 0.1327 1.1664 1.3685
4.0793 0.1329 1.1507 1.3687
4.0793 0.1329 1.1508 1.3686
4.0793 0.1329 1.1672 1.3673
4.0793 0.1329 1.1672 1.3673
4.0793 0.1329 1.1755 1.3640
4.0793 0.1329 1.2139 1.3909
4.0793 0.1329 1.2530 1.4148
4.0793 0.1329 1.2218 1.3869
4.0793 0.1329 1.2218 1.3869
4.0793 0.1329 1.2218 1.3869
4.0793 0.1329 1.2221 1.3867
4.0793 0.1329 1.2390 1.3799
4.0793 0.1329 1.2428 1.3776
4.0793 0.1329 1.2516 1.3757
4.0793 0.1329 1.2683 1.3730
4.0793 0.1329 1.2693 1.3723
4.0793 0.1329 1.2718 1.3719
4.0793 0.1329 1.2691 1.3722
4.0793 0.1329 1.2916 1.3992
4.0793 0.1329 1.3313 1.4219
4.0793 0.1329 1.3418 1.4177
4.0793 0.1329 1.3428 1.4169
4.0793 0.1329 1.3436 1.4163
4.0793 0.1329 1.3436 1.4163
4.0793 0.1329 1.3436 1.4163
4.0793 0.1329 1.3433 1.4164
4.0793 0.1329 1.3485 1.4128
4.0793 0.1329 1.3662 1.4099
4.0793 0.1329 1.3814 1.4058
4.0793 0.1329 1.4036 1.4300
4.0793 0.1329 1.4037 1.4300
4.0793 0.1329 1.4268 1.4533
4.0793 0.1329 1.4312 1.4543
4.0793 0.1329 1.4464 1.4497
4.0793 0.1329 1.4734 1.4731
4.0793 0.1329 1.4684 1.4723
4.0793 0.1329 1.4752 1.4724
4.0793 0.1329 1.4751 1.4724
4.0793 0.1329 1.4752 1.4723
4.0793 0.1329 1.4742 1.4722
4.0793 0.1329 1.4900 1.4674
4.0793 0.1329 1.5280 1.4840
4.0793 0.1329 1.5280 1.4840
4.0793 0.1329 1.5410 1.4784
4.0809 0.1329 1.5636 1.4998
4.0809 0.1329 1.5702 1.4928
4.0809 0.1329 1.5957 1.5129
4.0809 0.1329 1.5959 1.5129
4.0809 0.1329 1.5950 1.5138
4.0809 0.1329 1.5786 1.5192
4.0809 0.1329 1.6169 1.5333
4.0809 0.1329 1.6112 1.5375
4.0809 0.1329 1.6094 1.5391
4.0809 0.1329 1.6177 1.5384
4.0809 0.1329 1.6335 1.5323
4.0984 0.1329 1.6339 1.5329
4.0984 0.1329 1.6598 1.5520
4.0984 0.1329 1.6981 1.5631
4.0984 0.1329 1.6981 1.5631
4.0984 0.1329 1.7371 1.5724
4.0984 0.1329 1.7648 1.5888
4.0984 0.1329 1.7796 1.5822
4.0984 0.1329 1.7994 1.5739
4.0984 0.1329 1.8005 1.5728
4.0984 0.1329 1.8008 1.5728
4.0984 0.1329 1.8336 1.5851
4.0984 0.1329 1.8336 1.5851
4.0984 0.1329 1.8326 1.5861
4.0984 0.1329 1.8328 1.5859
4.0984 0.1329 1.8677 1.5963
4.0984 0.1329 1.8677 1.5963
4.0984 0.1329 1.8933 1.6113
4.0984 0.1329 1.8935 1.6113
4.0984 0.1329 1.9018 1.6049
4.0984 0.1329 1.9203 1.5957
4.0984 0.1329 1.9202 1.5957
4.0984 0.1329 1.9040 1.6056
4.0984 0.1329 1.9428 1.6109
4.0984 0.1329 1.9634 1.6244
4.0984 0.1329 1.9403 1.6107
4.0984 0.1329 1.9403 1.6107
4.0984 0.1329 1.9745 1.6160
4.0984 0.1329 1.9761 1.6159
4.0984 0.1329 1.9636 1.6252
4.0984 0.1329 1.9636 1.6252
4.0984 0.1329 1.9404 1.6114
4.0984 0.1329 1.9246 1.6202
4.0984 0.1329 1.9478 1.6342
4.0984 0.1329 1.9553 1.6320
4.0984 0.1308 1.9542 1.6331
4.0984 0.1308 1.9749 1.6463
4.0984 0.1308 1.9973 1.6594
4.0984 0.1308 1.9973 1.6594
4.0984 0.1308 1.9978 1.6593
4.0984 0.1308 2.0140 1.6490
4.0984 0.1308 2.0299 1.6388
4.0984 0.1308 2.0301 1.6392
4.0984 0.1308 2.0494 1.6514
4.0984 0.1308 2.0875 1.6531
4.0984 0.1308 2.1269 1.6531
4.0984 0.1308 2.1389 1.6437
4.0984 0.1308 2.1432 1.6423
4.0984 0.1308 2.1435 1.6426
4.0984 0.1308 2.1817 1.6425
4.0984 0.1308 2.1803 1.6438
4.0984 0.1308 2.1803 1.6438
4.0984 0.1308 2.1803 1.6438
4.0984 0.1308 2.1803 1.6438
4.0984 0.1308 2.1647 1.6547
4.0984 0.1308 2.1518 1.6449
4.0984 0.1308 2.1667 1.6342
4.0984 0.1308 2.1666 1.6342
4.0984 0.1308 2.1336 1.6288
4.0984 0.1308 2.1333 1.6289
4.1194 0.1308 2.1734 1.6285
4.1194 0.1308 2.1996 1.6373
4.1194 0.1308 2.1728 1.6283
4.1194 0.1308 2.2253 1.6457
4.1194 0.1308 2.2103 1.6567
4.1194 0.1308 2.2103 1.6567
4.1194 0.1308 2.2103 1.6567
4.1194 0.1308 2.2110 1.6566
4.1194 0.1308 2.2493 1.6550
4.1194 0.1308 2.2168 1.6505
4.1194 0.1308 2.2486 1.6531
4.1194 0.1308 2.2103 1.6548
4.1194 0.1308 2.2101 1.6548
4.1194 0.1308 2.2258 1.6435
4.0997 0.1308 2.2256 1.6432
4.0997 0.1308 2.2642 1.6415
4.0997 0.1308 2.2646 1.6414
4.0997 0.1308 2.3017 1.6394
4.0997 0.1308 2.2854 1.6527
4.0997 0.1308 2.2854 1.6528
4.0997 0.1308 2.2990 1.6405
4.0997 0.1308 2.2599 1.6450
4.0997 0.1308 2.2593 1.6449
4.0997 0.1308 2.2608 1.6441
4.0997 0.1308 2.2608 1.6441
4.0997 0.1308 2.2590 1.6445
4.0997 0.1308 2.2675 1.6379
4.0997 0.1308 2.2672 1.6384
4.0997 0.1308 2.3053 1.6351
4.0997 0.1308 2.3053 1.6351
4.0997 0.1308 2.3297 1.6350
4.0997 0.1308 2.3630 1.6260
4.0997 0.1308 2.3817 1.6317
4.0997 0.1308 2.4198 1.6256
4.0997 0.1308 2.4423 1.6329
4.0997 0.1308 2.4266 1.6464
4.0997 0.1308 2.4348 1.6375
4.0997 0.1308 2.4222 1.6495
4.0997 0.1308 2.4359 1.6368
4.0997 0.1308 2.4566 1.6440
4.0997 0.1308 2.4559 1.6443
4.0997 0.1308 2.4560 1.6444
4.0997 0.1308 2.4560 1.6444
4.0997 0.1308 2.4784 1.6508
4.0997 0.1308 2.4413 1.6568
4.0997 0.1373 2.4810 1.6485
4.0997 0.1373 2.5191 1.6402
4.0997 0.1373 2.5189 1.6403
4.0997 0.1373 2.5443 1.6446
4.0997 0.1373 2.5443 1.6446
4.0997 0.1373 2.5440 1.6444
4.0997 0.1373 2.5819 1.6344
4.0997 0.1373 2.5819 1.6344
4.0997 0.1373 2.5825 1.6350
4.0997 0.1373 2.6206 1.6243
4.0997 0.1373 2.6553 1.6172
4.0997 0.1373 2.6580 1.6156
4.0997 0.1373 2.6622 1.6136
4.0997 0.1378 2.7013 1.5992
4.0997 0.1378 2.7394 1.5855
4.0997 0.1378 2.7398 1.5853
4.0997 0.1378 2.7450 1.5888
4.0997 0.1378 2.7451 1.5889
4.0997 0.1378 2.7449 1.5892
4.0997 0.1378 2.7649 1.5926
4.0997 0.1378 2.7554 1.6055
4.0997 0.1378 2.7778 1.6071
4.0997 0.1378 2.7937 1.5896
4.0997 0.1378 2.7936 1.5896
4.0997 0.1378 2.7934 1.5900
4.0997 0.1378 2.7937 1.5902
4.0997 0.1378 2.7940 1.5904
4.0997 0.1378 2.8092 1.5730
4.0997 0.1378 2.8089 1.5728
4.0997 0.1378 2.8087 1.5730
4.0997 0.1378 2.8088 1.5729
4.0997 0.1378 2.8014 1.5798
4.0997 0.1378 2.8205 1.5796
4.0997 0.1378 2.8205 1.5795
4.0997 0.1378 2.8428 1.5808
4.0997 0.1378 2.8047 1.5971
4.0997 0.1378 2.8048 1.5972
4.0997 0.1378 2.8051 1.5974
4.0997 0.1378 2.7908 1.6129
4.0997 0.1378 2.8130 1.6147
4.0997 0.1378 2.8127 1.6144
4.0997 0.1378 2.7865 1.6154
4.0997 0.1378 2.8085 1.6169
4.0997 0.1378 2.8287 1.6196
4.1043 0.1378 2.8298 1.6204
4.1043 0.1378 2.8298 1.6204
4.1043 0.1378 2.7935 1.6332
4.1043 0.1378 2.7938 1.6334
4.1043 0.1378 2.7552 1.6483
4.1043 0.1378 2.7161 1.6619
4.1043 0.1378 2.7390 1.6643
4.1043 0.1378 2.7417 1.6628
4.1043 0.1378 2.7417 1.6628
4.1043 0.1378 2.7199 1.6598
4.0997 0.1378 2.7190 1.6599
4.0997 0.1378 2.7190 1.6599
4.0997 0.1378 2.6931 1.6596
4.0997 0.1378 2.6933 1.6598
4.0997 0.1378 2.6800 1.6779
4.1194 0.1378 2.6804 1.6783
4.1202 0.1378 2.7045 1.6821
4.1202 0.1378 2.7049 1.6824
4.1202 0.1378 2.7049 1.6825
4.1202 0.1378 2.7274 1.6856
4.1202 0.1378 2.7661 1.6723
4.1202 0.1378 2.7665 1.6727
4.1202 0.1378 2.8051 1.6584
4.1202 0.1378 2.8042 1.6600
4.1202 0.1378 2.8023 1.6629
4.1202 0.1378 2.8022 1.6628
4.1202 0.1378 2.8405 1.6469
4.1202 0.1378 2.8788 1.6305
4.1202 0.1378 2.8555 1.6296
4.1202 0.1378 2.8558 1.6298
4.1202 0.1378 2.8562 1.6301
4.1202 0.1378 2.8567 1.6305
4.1202 0.1378 2.8947 1.6132
4.1202 0.1378 2.8951 1.6135
4.1202 0.1378 2.8566 1.6302
4.1202 0.1378 2.8564 1.6300
4.1202 0.1374 2.8401 1.6488
4.1202 0.1374 2.8415 1.6467
4.1202 0.1374 2.8415 1.6467
4.1202 0.1374 2.7633 1.6778
4.1202 0.1374 2.7632 1.6778
4.1202 0.1374 2.7241 1.6929
4.2135 0.1374 2.7251 1.6937
4.2135 0.1374 2.7338 1.6829
4.2135 0.1374 2.7332 1.6824
4.2135 0.1374 2.7719 1.6684
4.2135 0.1374 2.7491 1.6657
4.2135 0.1374 2.7484 1.6668
4.2135 0.1374 2.7223 1.6667
4.2135 0.1374 2.7223 1.6667
4.2135 0.1374 2.7223 1.6667
4.2135 0.1374 2.7454 1.6692
4.2135 0.1374 2.7366 1.6789
4.2135 0.1374 2.6982 1.6917
4.2135 0.1374 2.6753 1.6881
4.2135 0.1374 2.7139 1.6760
4.2135 0.1374 2.7522 1.6627
4.2135 0.1374 2.7520 1.6625
4.2135 0.1374 2.7517 1.6622
4.2135 0.1374 2.7517 1.6622
4.2135 0.1374 2.7821 1.6592
4.2135 0.1374 2.7824 1.6594
4.2135 0.1374 2.8053 1.6616
4.2135 0.1374 2.8045 1.6632
4.2135 0.1374 2.7874 1.6812
4.2135 0.1374 2.7837 1.6846
4.2135 0.1374 2.7837 1.6846
4.2135 0.1374 2.7837 1.6846
4.2135 0.1374 2.7870 1.6823
4.2135 0.1374 2.8264 1.6658
4.2135 0.1374 2.8376 1.6524
4.2135 0.1374 2.8376 1.6524
4.2135 0.1374 2.8767 1.6342
4.2135 0.1374 2.8620 1.6502
4.2135 0.1374 2.8620 1.6502
4.2135 0.1374 2.8229 1.6679
4.2135 0.1374 2.8004 1.6660
4.2135 0.1374 2.8224 1.6673
4.2135 0.1374 2.8222 1.6673
4.2135 0.1374 2.8607 1.6514
4.2135 0.1374 2.8617 1.6498
4.2135 0.1374 2.9000 1.6328
4.2135 0.1374 2.8841 1.6509
4.2135 0.1374 2.9529 1.6247
4.2135 0.1374 2.9529 1.6247
4.2135 0.1374 2.9922 1.6036
4.2135 0.1374 2.9542 1.6232
4.2135 0.1374 2.9539 1.6231
4.2135 0.1374 2.9539 1.6231
4.2135 0.1374 2.9801 1.6194
4.2135 0.1374 3.0191 1.5973
4.2135 0.1374 3.0438 1.5714
4.2135 0.1374 3.0174 1.5761
4.2135 0.1374 2.9874 1.5847
4.2135 0.1374 2.9874 1.5847
4.2135 0.1374 2.9878 1.5850
4.2135 0.1374 2.9882 1.5853
4.2135 0.1374 3.0261 1.5644
4.2135 0.1374 3.0257 1.5646
4.2135 0.1374 3.0257 1.5646
4.2135 0.1374 2.9885 1.5830
4.2135 0.1374 2.9887 1.5832
4.2135 0.1374 3.0281 1.5607
4.2135 0.1374 2.9961 1.5763
4.2135 0.1374 2.9661 1.5840
4.2135 0.1374 3.0046 1.5638
4.2135 0.1374 3.0050 1.5642
4.2135 0.1374 3.0347 1.5555
4.2135 0.1374 3.0350 1.5557
4.2135 0.1374 3.0578 1.5535
4.2135 0.1374 3.0578 1.5535
4.2135 0.1374 3.0349 1.5557
4.2135 0.1374 2.9898 1.5847
4.2135 0.1374 2.9839 1.5816
4.2135 0.1374 2.9839 1.5816
4.2135 0.1374 2.9717 1.5781
4.2135 0.1374 2.9664 1.5863
4.2135 0.1374 3.0049 1.5654
4.2135 0.1374 3.0311 1.5607
4.2135 0.1374 2.9917 1.5834
4.2135 0.1374 3.0300 1.5625
4.2135 0.1374 3.0300 1.5625
4.2135 0.1374 3.0568 1.5570
4.2135 0.1374 3.0568 1.5570
4.2135 0.1374 3.0949 1.5340
4.2135 0.1374 3.0953 1.5342
4.2135 0.1374 3.0261 1.5668
4.2135 0.1374 3.0261 1.5668
4.2135 0.1374 3.0261 1.5668
4.2135 0.1374 3.0264 1.5670
4.2135 0.1374 3.0267 1.5672
4.2135 0.1374 3.0414 1.5490
4.2135 0.1374 3.0414 1.5490
4.2135 0.1374 3.0414 1.5490
4.2135 0.1374 3.0642 1.5468
4.2135 0.1374 3.0261 1.5694
4.2135 0.1374 3.0535 1.5644
4.2135 0.1374 3.0916 1.5416
4.2135 0.1374 3.0864 1.5391
4.2135 0.1374 3.0865 1.5391
4.2135 0.1374 3.1248 1.5152
4.2135 0.1374 3.1248 1.5152
4.2135 0.1374 3.1086 1.5382
4.2135 0.1374 3.1472 1.5139
4.2135 0.1374 3.1472 1.5139
4.2135 0.1374 3.1660 1.4892
4.2135 0.1374 3.1659 1.4891
4.2135 0.1374 3.2050 1.4602
4.2135 0.1374 3.1823 1.4638
4.2135 0.1374 3.1482 1.4941
4.2135 0.1374 3.1102 1.5189
4.2135 0.1374 3.1101 1.5189
4.2135 0.1374 3.1152 1.5212
4.2135 0.1374 3.1496 1.5001
4.2135 0.1374 3.1727 1.4727
4.2135 0.1374 3.1727 1.4727
4.2135 0.1374 3.2109 1.4453
4.2135 0.1374 3.2402 1.4386
4.2135 0.1374 3.2399 1.4394
4.2135 0.1374 3.2401 1.4395
4.2135 0.1374 3.2402 1.4398
4.2135 0.1374 3.2399 1.4396
4.2135 0.1374 3.2399 1.4396
4.2135 0.1374 3.2399 1.4396
4.2135 0.1374 3.2770 1.4116
4.2135 0.1374 3.2989 1.4060
4.2135 0.1374 3.2990 1.4061
4.2135 0.1374 3.2599 1.4387
4.2135 0.1374 3.2604 1.4390
4.2748 0.1374 3.2714 1.4425
4.2748 0.1374 3.3097 1.4119
4.2748 0.1374 3.2957 1.4362
4.2748 0.1374 3.2957 1.4362
4.2748 0.1374 3.2687 1.4465
4.2748 0.1374 3.2684 1.4463
4.2748 0.1374 3.2313 1.4727
4.2748 0.1374 3.2321 1.4732
4.2748 0.1374 3.2477 1.4742
4.2748 0.1374 3.2483 1.4745
4.2748 0.1374 3.2477 1.4742
4.2748 0.1374 3.2481 1.4744
4.2748 0.1374 3.2877 1.4433
4.2748 0.1374 3.3263 1.4116
4.2748 0.1374 3.3258 1.4113
4.2748 0.1374 3.3258 1.4113
4.2748 0.1374 3.3258 1.4114
4.2748 0.1374 3.3250 1.4110
4.2748 0.1374 3.3091 1.4365
4.2748 0.1374 3.3474 1.4024
4.2748 0.1374 3.3522 1.4036
4.2748 0.1374 3.3522 1.4036
4.2748 0.1374 3.3523 1.4037
4.2748 0.1374 3.3525 1.4038
4.2748 0.1374 3.3530 1.4040
4.2748 0.1374 3.3511 1.4030
4.1254 0.1374 3.3504 1.4025
4.1254 0.1374 3.3504 1.4025
4.1254 0.1374 3.3106 1.4362
4.1254 0.1374 3.2880 1.4427
4.1254 0.1374 3.3264 1.4117
4.1254 0.1374 3.3653 1.3765
4.1254 0.1374 3.3350 1.3933
4.1254 0.1374 3.3741 1.3574
4.1254 0.1374 3.3741 1.3574
4.1254 0.1374 3.3220 1.3811
4.1254 0.1374 3.3058 1.4074
4.1254 0.1374 3.3454 1.3730
4.1254 0.1374 3.3384 1.3712
4.1254 0.1374 3.3085 1.3880
4.1254 0.1374 3.3085 1.3880
4.1254 0.1374 3.3354 1.3773
4.1254 0.1374 3.2968 1.4091
4.1254 0.1374 3.2968 1.4091
4.1254 0.1374 3.3089 1.3876
4.1254 0.1374 3.3092 1.3877
4.1254 0.1374 3.3094 1.3879
4.1254 0.1374 3.3097 1.3880
4.1254 0.1374 3.3097 1.3880
4.1254 0.1374 3.2710 1.4194
4.1254 0.1374 3.2591 1.4397
4.1254 0.1374 3.2594 1.4399
4.1254 0.1374 3.2584 1.4420
4.1254 0.1374 3.2435 1.4326
4.1254 0.1374 3.2438 1.4327
4.1254 0.1374 3.2438 1.4327
4.1254 0.1378 3.2829 1.4004
4.1254 0.1378 3.2864 1.3953
4.1254 0.1378 3.2495 1.4232
4.3758 0.1378 3.2810 1.3929
4.3758 0.1378 3.2672 1.3915
4.3758 0.1378 3.2291 1.4215
4.3758 0.1378 3.2674 1.3911
4.3758 0.1378 3.2762 1.3926
4.3758 0.1378 3.2762 1.3926
4.3758 0.1378 3.2762 1.3926
4.3758 0.1378 3.2762 1.3926
4.3758 0.1378 3.2381 1.4228
4.3758 0.1378 3.2378 1.4227
4.3758 0.1378 3.2762 1.3927
4.3758 0.1378 3.3145 1.3601
4.1254 0.1378 3.3118 1.3582
4.1254 0.1378 3.3001 1.3796
4.1254 0.1378 3.3292 1.3624
4.1254 0.1378 3.3428 1.3630
4.1254 0.1378 3.3429 1.3631
4.1254 0.1378 3.3694 1.3513
4.1254 0.1378 3.3701 1.3517
4.1254 0.1378 3.3702 1.3517
4.1254 0.1378 3.4070 1.3189
4.1254 0.1378 3.4144 1.3206
4.1254 0.1378 3.4146 1.3207
4.1254 0.1378 3.4145 1.3207
4.1254 0.1378 3.4123 1.3262
4.1254 0.1378 3.4122 1.3262
4.1254 0.1378 3.3859 1.3391
4.1254 0.1378 3.3859 1.3391
4.1254 0.1378 3.3859 1.3392
4.1254 0.1378 3.3585 1.3534
4.1254 0.1378 3.3590 1.3537
4.1254 0.1378 3.3890 1.3357
4.1254 0.1378 3.3500 1.3726
4.1254 0.1378 3.3649 1.3460
4.1254 0.1378 3.3649 1.3460
4.1254 0.1378 3.3648 1.3460
4.1254 0.1378 3.3652 1.3454
4.1254 0.1378 3.3654 1.3455
4.1254 0.1378 3.4047 1.3075
4.1254 0.1378 3.4430 1.2697
4.1254 0.1378 3.4203 1.2782
4.1254 0.1378 3.4425 1.2695
4.1254 0.1378 3.3896 1.2975
4.1254 0.1378 3.4020 1.2720
4.1254 0.1378 3.3788 1.2805
4.1254 0.1378 3.3766 1.2796
4.1254 0.1378 3.3992 1.2707
4.1254 0.1378 3.3993 1.2708
4.1254 0.1378 3.3612 1.3074
4.1254 0.1378 3.3613 1.3074
4.1254 0.1378 3.3609 1.3072
4.1254 0.1378 3.3215 1.3438
4.1254 0.1378 3.3596 1.3093
4.1254 0.1378 3.3599 1.3095
4.1254 0.1378 3.3898 1.2911
4.1254 0.1378 3.3706 1.2956
4.1254 0.1378 3.3702 1.2954
4.1254 0.1378 3.3787 1.2776
4.1254 0.1378 3.3787 1.2776
4.1254 0.1378 3.4174 1.2370
4.1254 0.1378 3.4177 1.2372
4.1254 0.1378 3.4178 1.2372
4.1254 0.1378 3.4230 1.2284
4.1254 0.1378 3.4230 1.2284
4.1254 0.1378 3.4499 1.2129
4.1254 0.1378 3.4667 1.1780
4.1254 0.1378 3.5051 1.1339
4.1254 0.1378 3.5052 1.1339
4.1254 0.1378 3.5047 1.1337
4.1254 0.1378 3.5052 1.1339
4.1254 0.1378 3.5057 1.1342
4.1254 0.1378 3.5060 1.1343
4.1254 0.1378 3.5059 1.1343
4.1254 0.1378 3.4793 1.1524
4.1254 0.1378 3.4789 1.1522
4.1254 0.1378 3.4793 1.1524
4.1254 0.1378 3.4792 1.1524
4.1254 0.2052 3.5186 1.1038
4.1254 0.2052 3.5187 1.1038
4.1254 0.2052 3.5196 1.1043
4.1254 0.2052 3.4820 1.1504
4.1254 0.2052 3.4820 1.1504
4.1254 0.2052 3.5121 1.1264
4.1254 0.2052 3.5388 1.1071
4.1254 0.2052 3.5383 1.1069
4.1254 0.2052 3.5380 1.1067
4.1254 0.2052 3.5765 1.0564
4.1254 0.2052 3.6148 1.0027
4.1254 0.2052 3.6148 1.0027
4.1254 0.2052 3.6413 0.9794
4.1254 0.2052 3.6455 0.9705
4.1254 0.0923 3.6063 1.0321
4.1254 0.0923 3.6063 1.0321
4.1254 0.0923 3.6063 1.0321
4.1254 0.0923 3.5693 1.0810
4.1254 0.0923 3.5962 1.0595
4.1254 0.0923 3.5737 1.0728
4.1254 0.0923 3.5606 1.1049
4.1254 0.0923 3.5611 1.1051
4.1254 0.0923 3.5875 1.0853
4.1254 0.0923 3.5875 1.0853
4.1254 0.0923 3.5876 1.0853
4.1254 0.0923 3.6236 1.0356
4.1254 0.0923 3.5910 1.0726
4.1254 0.0923 3.6106 1.0633
4.1254 0.0923 3.6335 1.0488
4.1254 0.0923 3.5951 1.1008
4.1254 0.0923 3.5570 1.1494
4.1254 0.0923 3.5575 1.1496
4.1254 0.0923 3.5577 1.1497
4.1254 0.0923 3.5579 1.1498
4.1254 0.0923 3.5314 1.1679
4.1254 0.0923 3.5541 1.1564
4.1254 0.0923 3.5538 1.1563
4.1254 0.0923 3.5163 1.1980
4.1254 0.0923 3.5164 1.1980
4.1254 0.0923 3.5551 1.1521
4.1254 0.0923 3.5554 1.1522
4.1254 0.0923 3.5557 1.1523
4.1254 0.0923 3.5554 1.1522
4.1254 0.0923 3.5367 1.1909
4.1254 0.0923 3.4990 1.2353
4.1254 0.0923 3.5020 1.2365
4.1254 0.0923 3.5024 1.2366
4.1254 0.0923 3.5028 1.2368
4.1254 0.0923 3.5302 1.2181
4.1954 0.0923 3.5322 1.2160
4.1954 0.0923 3.5594 1.1979
4.1954 0.0923 3.5594 1.1979
4.1821 0.0923 3.5590 1.1982
4.1821 0.0923 3.5593 1.1983
4.1821 0.0923 3.5976 1.1518
4.1821 0.0923 3.5979 1.1520
4.1821 0.0923 3.5689 1.1782
4.1821 0.0923 3.5298 1.1933
4.1821 0.0923 3.5296 1.1932
4.1821 0.0923 3.5484 1.1554
4.1821 0.0923 3.5483 1.1554
4.1821 0.0923 3.5099 1.2001
4.1821 0.0923 3.5251 1.1677
4.1821 0.0923 3.5248 1.1676
4.1821 0.0923 3.5633 1.1211
4.1821 0.0923 3.5871 1.1060
4.1821 0.0923 3.5870 1.1060
4.1821 0.0923 3.6252 1.0536
4.1821 0.0923 3.6247 1.0534
4.1821 0.0923 3.6248 1.0535
4.1821 0.0923 3.6467 1.0386
4.1821 0.0923 3.6796 0.9985
4.1821 0.0923 3.6797 0.9981
4.1821 0.0923 3.6798 0.9982
4.1821 0.0923 3.7019 0.9807
4.1821 0.0923 3.7022 0.9808
4.1821 0.0923 3.7024 0.9810
