6.1231 0.2474 5.1814 1.2983
6.1231 0.7709 5.5297 0.7346
6.1231 3.5917 5.6564 0.4233
6.1231 3.5917 5.6763 0.4050
6.1231 4.7242 5.7475 0.2845
6.1231 1.8492 5.7629 0.4507
6.1231 4.5723 5.7823 0.2750
6.1231 4.5758 5.8151 0.2564
6.1231 4.5227 5.8178 0.3220
6.1231 4.5227 5.8074 0.3376
6.1231 4.7242 5.8854 0.2483
6.1231 4.7242 5.8609 0.2344
6.1231 4.7242 5.8824 0.1865
6.1231 5.5954 5.8882 0.1333
6.1231 5.5954 5.9142 0.1442
6.1231 5.5954 5.9327 0.1362
6.1231 5.5954 5.9570 0.1292
6.1231 1.8492 5.9174 0.4507
6.1231 5.5954 5.9727 0.1152
6.1231 1.8492 5.8689 0.5028
6.1231 3.5917 5.9111 0.3542
6.1231 3.5917 5.8695 0.3754
6.1231 4.5758 5.9050 0.1630
6.1231 5.6412 5.9257 0.1010
6.1231 3.5917 5.8881 0.2483
6.1231 5.6412 5.8983 0.0948
6.1231 5.6412 5.9045 0.0993
6.1231 5.8558 5.9066 0.0932
6.1231 5.8558 5.9004 0.0870
6.1231 5.8558 5.9030 0.0946
6.1231 5.8558 5.9102 0.1012
6.1231 4.5758 5.8934 0.1639
6.1231 5.5974 5.9235 0.1178
6.1231 5.3311 5.9361 0.1350
6.1231 5.8558 5.9289 0.1161
6.1231 4.5758 5.9098 0.1823
6.1231 4.5227 5.8975 0.2235
6.1231 5.8558 5.9132 0.1054
6.1231 5.8558 5.9259 0.1122
6.1231 5.8558 5.9195 0.1068
6.1231 4.5758 5.9159 0.1756
6.1231 5.8558 5.9338 0.1158
6.1231 5.8558 5.9294 0.1135
6.1231 5.8558 5.9335 0.1155
6.1231 5.8558 5.9623 0.1247
6.1231 5.8558 5.9676 0.1270
6.1231 4.5758 5.9343 0.1855
6.1231 4.5758 5.9271 0.1806
6.1231 4.5758 5.9162 0.1760
6.1231 5.8558 5.9347 0.1178
6.1231 5.8558 5.9114 0.1034
6.1231 5.8558 5.9171 0.1079
6.1231 5.8558 5.9231 0.1110
6.1231 5.8558 5.9199 0.1096
6.1231 5.8558 5.9068 0.0998
6.1231 5.8558 5.9077 0.0994
6.1231 5.8558 5.9042 0.0969
6.1231 5.8558 5.9125 0.1014
6.1231 5.8558 5.9231 0.1092
6.1231 5.8558 5.9199 0.1070
6.1231 5.8558 5.9238 0.1101
6.1231 5.8558 5.9411 0.1178
6.1231 5.8558 5.9440 0.1197
6.1231 5.8558 5.9396 0.1159
6.1231 5.8558 5.9427 0.1184
6.1231 5.8558 5.9581 0.1237
6.1231 4.5758 5.9172 0.1759
6.1231 4.5758 5.9276 0.1792
6.1231 5.8558 5.9319 0.1127
6.1231 4.5227 5.9220 0.1818
6.1231 5.8558 5.9505 0.1203
6.1231 5.8558 5.9499 0.1210
6.1231 4.5758 5.9281 0.1803
6.1231 5.8558 5.9466 0.1217
6.1231 5.8558 5.9544 0.1251
6.1231 5.8558 5.9436 0.1194
6.1231 5.8558 5.9527 0.1200
6.1231 5.8558 5.9628 0.1217
6.1231 5.8558 5.9527 0.1217
6.1231 5.8558 5.9430 0.1179
6.1231 5.8558 5.9381 0.1157
6.1231 5.8558 5.9592 0.1208
6.1231 4.5758 5.9493 0.1808
6.1231 4.5758 5.9276 0.1737
6.1231 5.8558 5.9436 0.1097
6.1231 5.8558 5.9676 0.1156
6.1231 5.8558 5.9690 0.1166
6.1231 5.8558 5.9785 0.1181
6.1231 5.8558 5.9938 0.1183
6.1231 5.8558 5.9914 0.1162
6.1231 5.8558 6.0070 0.1200
6.1231 5.8558 6.0050 0.1190
6.1231 5.8558 5.9973 0.1216
6.1231 5.8558 6.0072 0.1209
6.1231 5.8558 6.0078 0.1189
6.1231 5.8558 5.9693 0.1189
6.1231 5.8558 5.9768 0.1213
6.1231 5.8558 5.9999 0.1194
6.1231 5.8558 6.0171 0.1159
6.1231 5.8558 6.0007 0.1179
