0.0833 0.0002 0.0021 0.0082
0.0833 0.0009 0.0235 0.0364
0.0833 0.0010 0.0726 0.0267
0.0833 0.0010 0.0772 0.0207
0.0833 0.0013 0.0764 0.0205
0.0833 0.0013 0.0784 0.0182
0.7429 0.0001 0.0798 0.0715
0.7429 0.0015 0.0973 0.1139
0.7429 0.0006 0.1738 0.2336
0.8750 0.0013 0.4231 0.3293
0.8750 0.0013 0.6120 0.2558
0.8750 0.0013 0.7014 0.1611
0.9545 0.0013 0.7114 0.1485
0.9545 0.0833 0.7415 0.0785
0.9545 0.0013 0.7163 0.1423
0.9545 0.0013 0.7388 0.0846
0.9545 0.0833 0.7389 0.1048
0.9545 0.0013 0.7052 0.1805
0.9545 0.0013 0.7230 0.1377
0.9545 0.0833 0.7321 0.1108
0.9545 0.0013 0.7064 0.1868
0.9545 0.0013 0.7366 0.1506
0.9545 0.0013 0.7274 0.1627
0.9545 0.0013 0.7330 0.1615
0.9545 0.0013 0.7206 0.1826
0.9545 0.0013 0.7588 0.1261
0.9545 0.0013 0.7315 0.1924
0.9545 0.0013 0.7563 0.1541
0.9545 0.0870 0.7786 0.1084
0.9545 0.0870 0.7926 0.1162
0.9545 0.0013 0.7871 0.1450
0.9545 0.5526 0.8168 0.1022
0.9545 0.0013 0.8009 0.1886
0.9545 0.0013 0.8019 0.1713
0.9545 0.0247 0.8010 0.1826
0.9545 0.0077 0.7995 0.1858
0.9545 0.0013 0.8188 0.1541
0.9545 0.0013 0.8043 0.1972
0.9545 0.5526 0.8634 0.0984
0.9545 0.0013 0.8333 0.1872
0.9545 0.0004 0.8471 0.1668
0.9545 0.0013 0.8516 0.2062
0.9545 0.0019 0.8877 0.1439
0.9545 0.5526 0.9062 0.0886
0.9545 0.0013 0.8802 0.1822
0.9545 0.0002 0.9137 0.1102
0.9545 0.0013 0.8805 0.1886
0.9545 0.0275 0.8907 0.1614
0.9545 0.0013 0.9161 0.1122
0.9545 0.0013 0.8737 0.2131
0.9545 0.0013 0.9092 0.1183
0.9545 0.0013 0.9004 0.1279
0.9545 0.0013 0.9028 0.1600
0.9545 0.0013 0.9064 0.1570
0.9545 0.0833 0.9242 0.0931
0.9545 0.0013 0.9074 0.1573
0.9545 0.0013 0.9171 0.1032
0.9545 0.0013 0.9041 0.1346
0.9545 0.0455 0.9154 0.1000
0.9545 0.1667 0.9231 0.0885
0.9545 0.0013 0.8834 0.2152
0.9545 0.7429 0.9361 0.0347
0.9545 0.0002 0.8987 0.1824
0.9545 0.0833 0.9206 0.1252
0.9545 0.0013 0.9040 0.1800
0.9545 0.0013 0.9137 0.1520
0.9545 0.0833 0.9236 0.1236
0.9545 0.0013 0.8962 0.1970
0.9545 0.0013 0.9129 0.1615
0.9545 0.0013 0.9070 0.1542
0.9545 0.0541 0.9247 0.1015
0.9545 0.0013 0.8983 0.1763
0.9545 0.0013 0.9167 0.1057
0.9545 0.0013 0.8803 0.2204
0.9545 0.0948 0.9187 0.1214
0.9545 0.0013 0.9276 0.1034
0.9545 0.0013 0.9145 0.1552
0.9545 0.0013 0.9152 0.1603
0.9545 0.0833 0.9321 0.1176
0.9545 0.0833 0.9331 0.1169
0.9545 0.0013 0.9359 0.1226
0.9545 0.1667 0.9439 0.0793
0.9545 0.8750 0.9529 0.0089
0.9545 0.8750 0.9531 0.0086
0.9545 0.0013 0.9162 0.1867
0.9545 0.0833 0.9364 0.1212
0.9545 0.0013 0.9070 0.2018
0.9545 0.0013 0.9237 0.1584
0.9545 0.0013 0.9342 0.1335
0.9545 0.3704 0.9470 0.0584
0.9545 0.0013 0.9266 0.1536
0.9545 0.0466 0.9425 0.0925
0.9545 0.0029 0.9440 0.0947
0.9545 0.0013 0.9444 0.0948
0.9545 0.0013 0.9173 0.1803
0.9545 0.0833 0.9340 0.1235
0.9545 0.0833 0.9199 0.1627
0.9545 0.0013 0.9337 0.1280
0.9545 0.0005 0.9150 0.1747
0.9545 0.0541 0.9403 0.0907
0.0833 0.0013 0.0047 0.0161
0.0833 0.0002 0.0448 0.0403
0.0833 0.0005 0.0756 0.0228
0.0833 0.0012 0.0730 0.0255
0.0833 0.0013 0.0781 0.0180
0.0833 0.0013 0.0790 0.0174
0.0833 0.0140 0.0818 0.0093
0.0833 0.0018 0.0797 0.0154
0.0833 0.0013 0.0794 0.0169
0.0833 0.0013 0.0807 0.0122
0.0833 0.0013 0.0776 0.0189
0.0833 0.0013 0.0784 0.0174
0.0833 0.0013 0.0770 0.0201
0.0833 0.0068 0.0807 0.0113
0.0833 0.0013 0.0781 0.0175
0.0833 0.0010 0.0762 0.0216
0.0833 0.0013 0.0819 0.0094
0.0833 0.0185 0.0824 0.0068
0.0833 0.0013 0.0821 0.0088
0.0833 0.0015 0.0812 0.0115
0.0833 0.0213 0.0821 0.0085
0.0833 0.0213 0.0827 0.0062
0.0833 0.0017 0.0809 0.0139
0.0833 0.0013 0.0810 0.0135
0.0833 0.0078 0.0814 0.0114
0.0833 0.0013 0.0810 0.0135
0.0833 0.0013 0.0817 0.0113
0.0833 0.0013 0.0817 0.0114
0.0833 0.0104 0.0826 0.0073
0.0833 0.0068 0.0818 0.0107
0.0833 0.0013 0.0814 0.0115
0.0833 0.0013 0.0789 0.0181
0.0833 0.0013 0.0817 0.0099
0.0833 0.0013 0.0805 0.0142
0.0833 0.0013 0.0825 0.0082
0.0833 0.0013 0.0825 0.0082
0.0833 0.0013 0.0825 0.0082
0.0833 0.0833 0.0833 0.0000
0.0833 0.0833 0.0833 0.0000
0.0833 0.0833 0.0833 0.0000
0.0833 0.0013 0.0825 0.0082
0.0833 0.0013 0.0825 0.0082
0.0833 0.0833 0.0833 0.0000
0.0833 0.0833 0.0833 0.0000
0.0833 0.0013 0.0825 0.0082
0.0833 0.0013 0.0825 0.0082
0.0833 0.0013 0.0825 0.0082
0.0833 0.0013 0.0825 0.0082
0.0833 0.0833 0.0833 0.0000
0.0833 0.0013 0.0825 0.0082
0.0833 0.0833 0.0833 0.0000
0.0833 0.0833 0.0833 0.0000
0.0833 0.0833 0.0833 0.0000
0.0833 0.0833 0.0833 0.0000
0.0833 0.0833 0.0833 0.0000
0.0833 0.0013 0.0817 0.0115
0.0833 0.0013 0.0825 0.0082
0.0833 0.0833 0.0833 0.0000
0.0833 0.0013 0.0825 0.0082
0.0833 0.0013 0.0817 0.0115
0.0833 0.0013 0.0825 0.0082
0.0833 0.0013 0.0825 0.0082
0.0833 0.0013 0.0825 0.0082
0.0833 0.0833 0.0833 0.0000
0.0833 0.0013 0.0825 0.0082
0.0833 0.0013 0.0809 0.0140
0.0833 0.0013 0.0817 0.0115
0.0833 0.0013 0.0825 0.0082
0.0833 0.0833 0.0833 0.0000
0.0833 0.0013 0.0825 0.0082
0.0833 0.0833 0.0833 0.0000
0.0833 0.0040 0.0825 0.0079
0.0833 0.0013 0.0825 0.0082
0.0833 0.0013 0.0825 0.0082
0.0833 0.0013 0.0825 0.0082
0.0833 0.0833 0.0833 0.0000
0.0833 0.0013 0.0825 0.0082
0.0833 0.0013 0.0825 0.0082
0.0833 0.0013 0.0809 0.0140
0.0833 0.0013 0.0825 0.0082
0.0833 0.0833 0.0833 0.0000
0.0833 0.0833 0.0833 0.0000
0.0833 0.0833 0.0833 0.0000
0.0833 0.0833 0.0833 0.0000
0.0833 0.0833 0.0833 0.0000
0.0833 0.0013 0.0825 0.0082
0.0833 0.0013 0.0825 0.0082
0.0833 0.0013 0.0825 0.0082
0.0833 0.0013 0.0810 0.0135
0.0833 0.0013 0.0820 0.0096
0.0833 0.0013 0.0805 0.0142
0.0833 0.0013 0.0810 0.0134
0.0833 0.0833 0.0833 0.0000
0.0833 0.0833 0.0833 0.0000
0.0833 0.0013 0.0809 0.0137
0.0833 0.0833 0.0833 0.0000
0.0833 0.0013 0.0825 0.0082
0.0833 0.0013 0.0825 0.0082
0.0833 0.0013 0.0825 0.0082
0.0833 0.0009 0.0817 0.0115
0.0833 0.0001 0.0139 0.0292
0.0833 0.0013 0.0738 0.0260
0.0833 0.0016 0.0809 0.0137
0.0833 0.0002 0.0817 0.0116
0.0833 0.0001 0.0804 0.0141
0.0833 0.0002 0.0803 0.0150
0.0833 0.0001 0.0778 0.0201
0.0833 0.0002 0.0809 0.0140
0.0833 0.0001 0.0793 0.0176
0.0833 0.0833 0.0833 0.0000
0.0833 0.0004 0.0799 0.0159
0.0833 0.0001 0.0809 0.0141
0.0833 0.0002 0.0802 0.0155
0.0833 0.0002 0.0818 0.0108
0.0833 0.0833 0.0833 0.0000
0.0833 0.0833 0.0833 0.0000
0.0833 0.0002 0.0825 0.0083
0.0833 0.0833 0.0833 0.0000
0.0833 0.0001 0.0818 0.0105
0.0833 0.0001 0.0809 0.0140
0.0833 0.0002 0.0825 0.0083
0.0833 0.0833 0.0833 0.0000
0.0833 0.0004 0.0809 0.0141
0.0833 0.0833 0.0833 0.0000
0.0833 0.0013 0.0825 0.0082
0.0833 0.0004 0.0825 0.0083
0.0833 0.0013 0.0817 0.0115
0.0833 0.0014 0.0817 0.0114
0.0833 0.0003 0.0817 0.0115
0.0833 0.0833 0.0833 0.0000
0.0833 0.0001 0.0800 0.0161
0.0833 0.0014 0.0825 0.0082
0.0833 0.0002 0.0817 0.0116
0.0833 0.0001 0.0809 0.0140
0.0833 0.0001 0.0825 0.0083
0.0833 0.0001 0.0817 0.0116
0.0833 0.0013 0.0825 0.0082
0.0833 0.0014 0.0825 0.0082
0.0833 0.0013 0.0817 0.0115
0.0833 0.0833 0.0833 0.0000
0.0833 0.0833 0.0833 0.0000
0.0833 0.0022 0.0825 0.0081
0.0833 0.0833 0.0833 0.0000
0.0833 0.0833 0.0833 0.0000
0.0833 0.0833 0.0833 0.0000
0.0833 0.0001 0.0825 0.0083
0.0833 0.0002 0.0817 0.0115
0.0833 0.0833 0.0833 0.0000
0.0833 0.0833 0.0833 0.0000
0.0833 0.0018 0.0825 0.0081
0.0833 0.0833 0.0833 0.0000
0.0833 0.0833 0.0833 0.0000
0.0833 0.0833 0.0833 0.0000
0.0833 0.0833 0.0833 0.0000
0.0833 0.0833 0.0833 0.0000
0.0833 0.0014 0.0825 0.0082
0.0833 0.0015 0.0825 0.0081
0.0833 0.0833 0.0833 0.0000
0.0833 0.0017 0.0825 0.0081
0.0833 0.0028 0.0825 0.0080
0.0833 0.0833 0.0833 0.0000
0.0833 0.0014 0.0825 0.0081
0.0833 0.0833 0.0833 0.0000
0.0833 0.0833 0.0833 0.0000
0.0833 0.0833 0.0833 0.0000
0.0833 0.0001 0.0825 0.0083
0.0833 0.0013 0.0825 0.0082
0.0833 0.0833 0.0833 0.0000
0.0833 0.0001 0.0825 0.0083
0.0833 0.0014 0.0825 0.0081
0.0833 0.0001 0.0825 0.0083
0.0833 0.0045 0.0825 0.0078
0.0833 0.0013 0.0817 0.0115
0.0833 0.0833 0.0833 0.0000
0.0833 0.0833 0.0833 0.0000
0.0833 0.0833 0.0833 0.0000
0.0833 0.0833 0.0833 0.0000
0.0833 0.0833 0.0833 0.0000
0.0833 0.0833 0.0833 0.0000
0.0833 0.0833 0.0833 0.0000
0.0833 0.0001 0.0825 0.0083
0.0833 0.0833 0.0833 0.0000
0.0833 0.0001 0.0817 0.0116
0.0833 0.0833 0.0833 0.0000
0.0833 0.0833 0.0833 0.0000
0.0833 0.0833 0.0833 0.0000
0.0833 0.0833 0.0833 0.0000
0.0833 0.0833 0.0833 0.0000
0.0833 0.0833 0.0833 0.0000
0.0833 0.0833 0.0833 0.0000
0.0833 0.0833 0.0833 0.0000
0.0833 0.0016 0.0817 0.0114
0.0833 0.0833 0.0833 0.0000
0.0833 0.0833 0.0833 0.0000
0.0833 0.0001 0.0808 0.0142
0.0833 0.0015 0.0825 0.0081
0.0833 0.0833 0.0833 0.0000
0.0833 0.0833 0.0833 0.0000
0.0833 0.0833 0.0833 0.0000
0.0833 0.0833 0.0833 0.0000
0.0833 0.0013 0.0039 0.0140
0.3077 0.0003 0.0491 0.0477
0.6667 0.0006 0.0957 0.0912
0.9545 0.0005 0.1833 0.2223
0.9545 0.0003 0.4545 0.3290
0.9545 0.0013 0.6530 0.2851
0.9545 0.0005 0.7166 0.2647
0.9545 0.0013 0.7732 0.2214
0.9545 0.0005 0.7843 0.2503
0.9545 0.0833 0.8449 0.1901
0.9545 0.5806 0.8757 0.1317
0.9545 0.0013 0.8570 0.1844
0.9545 0.0002 0.8404 0.2482
0.9545 0.0002 0.8749 0.2219
0.9545 0.3704 0.9141 0.1214
0.9545 0.0002 0.9038 0.1769
0.9545 0.0002 0.9145 0.1591
0.9545 0.0004 0.9116 0.1688
0.9545 0.0002 0.9337 0.1025
0.9545 0.0126 0.9385 0.0964
0.9545 0.0833 0.9425 0.0873
0.9545 0.0126 0.9353 0.1050
0.9545 0.0004 0.8974 0.1969
0.9545 0.0013 0.9211 0.1571
0.9545 0.0004 0.9022 0.2038
0.9545 0.0004 0.9119 0.1842
0.9545 0.0833 0.9314 0.1158
0.9545 0.0013 0.9065 0.1833
0.9545 0.0013 0.9062 0.2031
0.9545 0.0004 0.9295 0.1381
0.9545 0.3704 0.9343 0.0930
0.9545 0.0013 0.9189 0.1570
0.9545 0.0002 0.8889 0.2235
0.9545 0.0002 0.9166 0.1662
0.9545 0.0004 0.9322 0.1135
0.9545 0.5806 0.9492 0.0382
0.9545 0.0013 0.9159 0.1868
0.9545 0.0013 0.9358 0.1279
0.9545 0.0002 0.9115 0.1903
0.9545 0.5806 0.9456 0.0541
0.9545 0.0013 0.9193 0.1668
0.9545 0.7059 0.9438 0.0441
0.9545 0.5806 0.9468 0.0465
0.9545 0.0013 0.9167 0.1615
0.9545 0.0013 0.9338 0.1134
0.9545 0.0004 0.9330 0.1331
0.9545 0.8108 0.9504 0.0184
0.9545 0.0013 0.9095 0.1876
0.9545 0.0013 0.9186 0.1588
0.9545 0.0013 0.9116 0.1639
0.9545 0.0013 0.9286 0.1342
0.9545 0.0013 0.9252 0.1381
0.9545 0.0014 0.9319 0.1281
0.9545 0.7429 0.9496 0.0239
0.9545 0.0013 0.9279 0.1381
0.9545 0.0013 0.9321 0.1081
0.9545 0.0013 0.9400 0.0956
0.9545 0.0013 0.9183 0.1594
0.9545 0.7059 0.9477 0.0284
0.9545 0.0013 0.9264 0.1318
0.9545 0.0833 0.9277 0.1032
0.9545 0.0013 0.8893 0.1963
0.9545 0.0013 0.9293 0.1038
0.9545 0.0013 0.9281 0.1051
0.9545 0.0004 0.9166 0.1418
0.9545 0.0013 0.9122 0.1681
0.9545 0.0013 0.9331 0.1112
0.9545 0.0002 0.9315 0.1337
0.9545 0.0013 0.9137 0.1637
0.9545 0.0004 0.8900 0.2203
0.9545 0.0002 0.9189 0.1644
0.9545 0.0013 0.8961 0.2051
0.9545 0.0013 0.8995 0.1937
0.9545 0.6667 0.9475 0.0386
0.9545 0.5806 0.9461 0.0454
0.9545 0.0013 0.9248 0.1568
0.9545 0.0153 0.9446 0.0936
0.9545 0.0013 0.9317 0.1380
0.9545 0.0833 0.9371 0.1220
0.9545 0.0002 0.9150 0.1871
0.9545 0.0013 0.8947 0.2049
0.9545 0.0004 0.8882 0.2092
0.9545 0.0002 0.8833 0.2061
0.9545 0.0013 0.8774 0.2159
0.9545 0.0013 0.9144 0.1326
0.9545 0.0013 0.8921 0.1829
0.9545 0.0013 0.9004 0.1780
0.9545 0.0004 0.9003 0.1662
0.9545 0.0013 0.9232 0.1206
0.9545 0.0013 0.8871 0.2087
0.9545 0.0013 0.9083 0.1575
0.9545 0.0013 0.9089 0.1545
0.9545 0.0004 0.9055 0.1902
0.9545 0.0013 0.9370 0.1052
0.9545 0.0013 0.9131 0.1839
0.9545 0.0002 0.9180 0.1681
0.9545 0.0002 0.9127 0.1898
0.9545 0.0005 0.9288 0.1372
0.9545 0.0833 0.9416 0.0912
0.9545 0.0013 0.9063 0.1958
0.0833 0.0001 0.0528 0.0384
0.0833 0.0003 0.0721 0.0268
0.0833 0.0009 0.0767 0.0216
0.5806 0.0004 0.0838 0.0532
0.5806 0.0004 0.0898 0.0694
0.8750 0.0013 0.1103 0.1364
0.9333 0.0002 0.1866 0.2482
0.9545 0.0001 0.4571 0.3502
0.9545 0.0013 0.6824 0.3092
0.9545 0.0833 0.7937 0.2167
0.9545 0.0004 0.7925 0.2346
0.9545 0.0064 0.8073 0.2243
0.9545 0.0013 0.8015 0.2259
0.9545 0.0833 0.8621 0.1510
0.9545 0.0833 0.8480 0.2043
0.9545 0.0833 0.8811 0.1498
0.9545 0.0013 0.8913 0.1250
0.9545 0.0028 0.8727 0.1651
0.9545 0.0833 0.8894 0.1455
0.9545 0.3704 0.9066 0.0635
0.9545 0.0002 0.8707 0.1815
0.9545 0.0009 0.8952 0.1321
0.9545 0.0013 0.8770 0.1809
0.9545 0.0013 0.8872 0.1553
0.9545 0.4286 0.9114 0.0654
0.9545 0.0833 0.8998 0.1222
0.9545 0.0002 0.8884 0.1586
0.9545 0.0833 0.8950 0.1214
0.9545 0.0012 0.8740 0.1665
0.9545 0.0833 0.8911 0.1224
0.9545 0.0833 0.8905 0.1476
0.9545 0.0833 0.9093 0.0965
0.9545 0.0833 0.9014 0.1295
0.9545 0.2039 0.9098 0.0816
0.9545 0.2039 0.9145 0.0778
0.9545 0.0002 0.9064 0.1150
0.9545 0.0833 0.9093 0.0949
0.9545 0.0012 0.9011 0.1301
0.9545 0.0002 0.9072 0.1256
0.9545 0.0013 0.8828 0.1961
0.9545 0.0013 0.9008 0.1504
0.9545 0.0833 0.9119 0.1202
0.9545 0.0008 0.9034 0.1506
0.9545 0.0013 0.9078 0.1303
0.9545 0.0012 0.9107 0.1274
0.9545 0.0008 0.8924 0.1406
0.9545 0.0012 0.9066 0.1103
0.9545 0.0013 0.9088 0.1097
0.9545 0.5806 0.9272 0.0440
0.9545 0.0002 0.8860 0.1808
0.9545 0.0014 0.9172 0.0990
0.9545 0.0002 0.8985 0.1414
0.9545 0.5806 0.9160 0.0635
0.9545 0.0013 0.9094 0.1146
0.9545 0.0186 0.9134 0.1102
0.9545 0.0833 0.9242 0.0911
0.9545 0.0002 0.8679 0.2187
0.9545 0.0002 0.8939 0.1678
0.9545 0.0013 0.9164 0.1100
0.9545 0.1772 0.9180 0.0992
0.9545 0.0489 0.9205 0.1021
0.9545 0.0185 0.9058 0.1565
0.9545 0.0013 0.8974 0.1642
0.9545 0.0002 0.9210 0.1047
0.9545 0.7059 0.9365 0.0253
0.9545 0.0002 0.9216 0.1011
0.9545 0.0833 0.9218 0.0984
0.9545 0.0013 0.9069 0.1237
0.9545 0.0019 0.8981 0.1549
0.9545 0.0408 0.9153 0.1076
0.9545 0.0014 0.9059 0.1397
0.9545 0.5185 0.9181 0.0769
0.9545 0.0274 0.9126 0.1183
0.9545 0.0004 0.9107 0.1344
0.9545 0.0003 0.9214 0.1022
0.9545 0.0004 0.9137 0.1303
0.9545 0.0012 0.9239 0.0998
0.9545 0.3182 0.9238 0.0793
0.9545 0.3182 0.9284 0.0751
0.9545 0.9130 0.9391 0.0103
0.9545 0.0833 0.9173 0.1248
0.9545 0.0007 0.9244 0.1024
0.9545 0.0002 0.9100 0.1588
0.9545 0.8750 0.9396 0.0125
0.9545 0.0002 0.9014 0.1837
0.9545 0.0013 0.9134 0.1552
0.9545 0.0002 0.8965 0.2008
0.9545 0.0274 0.9082 0.1718
0.9545 0.0014 0.9080 0.1726
0.9545 0.0833 0.9305 0.1007
0.9545 0.9333 0.9465 0.0103
0.9545 0.0003 0.9162 0.1439
0.9545 0.5806 0.9351 0.0634
0.9545 0.0013 0.9208 0.1361
0.9545 0.0833 0.9120 0.1548
0.9545 0.0833 0.9285 0.1001
0.9545 0.0145 0.9166 0.1353
0.9545 0.0003 0.9186 0.1237
0.9545 0.0184 0.9192 0.1385
0.9545 0.0833 0.9308 0.1001
0.0833 0.0001 0.0515 0.0392
0.0833 0.0001 0.0715 0.0271
0.0833 0.0003 0.0789 0.0174
0.0833 0.0001 0.0771 0.0211
0.5806 0.0002 0.0828 0.0540
0.5806 0.0027 0.1103 0.1197
0.9545 0.0013 0.1679 0.2156
0.9545 0.0004 0.3297 0.3032
0.9545 0.0013 0.5486 0.2792
0.9545 0.0746 0.7258 0.2248
0.9545 0.0012 0.7644 0.2304
0.9545 0.0013 0.7717 0.2279
0.9545 0.0833 0.8183 0.1760
0.9545 0.0833 0.8504 0.1916
0.9545 0.0833 0.8220 0.2065
0.9545 0.0005 0.8410 0.2271
0.9545 0.0013 0.8832 0.1837
0.9545 0.5806 0.9156 0.1014
0.9545 0.0002 0.9056 0.1545
0.9545 0.5806 0.9186 0.0964
0.9545 0.0002 0.8915 0.1955
0.9545 0.0004 0.9097 0.1560
0.9545 0.0004 0.9060 0.1761
0.9545 0.0002 0.9022 0.1806
0.9545 0.0013 0.9109 0.1483
0.9545 0.5806 0.9366 0.0641
0.9545 0.0022 0.8828 0.2173
0.9545 0.0013 0.9248 0.1127
0.9545 0.0015 0.9309 0.1018
0.9545 0.0005 0.9307 0.1019
0.9545 0.0232 0.9352 0.0928
0.9545 0.0004 0.9221 0.1326
0.9545 0.2937 0.9339 0.0674
0.9545 0.0013 0.9251 0.1277
0.9545 0.0002 0.9372 0.0951
0.9545 0.0004 0.9383 0.0950
0.9545 0.0407 0.9177 0.1510
0.9545 0.0013 0.9333 0.0971
0.9545 0.0084 0.9338 0.0965
0.9545 0.5806 0.9354 0.0534
0.9545 0.0013 0.9152 0.1412
0.9545 0.0013 0.9139 0.1224
0.9545 0.0005 0.9188 0.1324
0.9545 0.0224 0.9133 0.1250
0.9545 0.5806 0.9257 0.0803
0.9545 0.0833 0.9222 0.1112
0.9545 0.0002 0.9119 0.1489
0.9545 0.0833 0.9351 0.0914
0.9545 0.5806 0.9304 0.0756
0.9545 0.0004 0.9306 0.1054
0.9545 0.0002 0.9176 0.1442
0.9545 0.0004 0.9328 0.1013
0.9545 0.5806 0.9416 0.0387
0.9545 0.0017 0.9144 0.1451
0.9545 0.0045 0.9266 0.1275
0.9545 0.0013 0.9196 0.1315
0.9545 0.0002 0.9133 0.1573
0.9545 0.0013 0.9217 0.1269
0.9545 0.0017 0.9314 0.0950
0.9545 0.0002 0.9289 0.0950
0.9545 0.0005 0.9138 0.1519
0.9545 0.0022 0.9267 0.1056
0.9545 0.4615 0.9332 0.0515
0.9545 0.0004 0.8856 0.2055
0.9545 0.0013 0.9106 0.1552
0.9545 0.0004 0.9164 0.1397
0.9545 0.0002 0.9230 0.1268
0.9545 0.4615 0.9345 0.0497
0.9545 0.0051 0.9237 0.1061
0.9545 0.0833 0.9230 0.0992
0.9545 0.0017 0.9245 0.1006
0.9545 0.0002 0.9203 0.1063
0.9545 0.0028 0.8808 0.2004
0.9545 0.0002 0.8848 0.1885
0.9545 0.0013 0.9174 0.1057
0.9545 0.0833 0.9090 0.1327
0.9545 0.0002 0.9103 0.1528
0.9545 0.9130 0.9372 0.0123
0.9545 0.0011 0.9271 0.0942
0.9545 0.9130 0.9381 0.0143
0.9545 0.0004 0.8967 0.1822
0.9545 0.0013 0.9181 0.1365
0.9545 0.0833 0.9237 0.1210
0.9545 0.0002 0.9328 0.0948
0.9545 0.0145 0.9353 0.0936
0.9545 0.0833 0.9301 0.0936
0.9545 0.5806 0.9392 0.0386
0.9545 0.0017 0.9309 0.0945
0.9545 0.0002 0.9151 0.1407
0.9545 0.0013 0.9289 0.1009
0.9545 0.4828 0.9372 0.0481
0.9545 0.0013 0.9226 0.1145
0.9545 0.4828 0.9364 0.0483
0.9545 0.0005 0.9208 0.1156
0.9545 0.0833 0.8915 0.1800
0.9545 0.0833 0.9196 0.1110
0.9545 0.0833 0.9192 0.1306
0.9545 0.0002 0.9108 0.1602
0.9545 0.0833 0.9166 0.1301
0.9545 0.5806 0.9342 0.0536
