4.3261 0.0016 0.5059 0.6129
4.3261 0.0439 1.1874 1.0860
4.8167 0.2474 2.1659 1.4790
5.3462 0.2474 3.3208 1.4207
5.3462 0.6700 3.7403 1.2463
5.3462 0.7558 4.1876 0.7283
5.3462 2.7922 4.3420 0.4663
5.3462 3.4348 4.3443 0.4116
5.3462 3.1534 4.3906 0.4238
5.3462 3.1253 4.3998 0.4442
5.4566 3.5375 4.4435 0.4336
5.5108 3.5375 4.4848 0.4892
5.5108 3.5375 4.5227 0.4798
5.5108 3.5698 4.6125 0.4464
5.5108 3.5698 4.5753 0.5022
5.5108 3.6486 4.6626 0.4570
5.5177 3.4214 4.6872 0.4998
5.5177 3.4872 4.7335 0.4909
5.5177 3.7022 4.8301 0.4639
5.5224 3.7042 4.8998 0.4242
5.5224 3.9137 4.9663 0.4014
5.5224 0.7980 4.9850 0.5893
5.5224 0.3824 5.0215 0.6577
5.5224 3.2592 5.0701 0.5020
5.5616 3.7130 5.2242 0.3895
5.5616 4.3261 5.2727 0.2866
5.5616 3.2222 5.2049 0.3518
5.5616 3.0707 5.1484 0.4329
5.5616 3.3781 5.1336 0.3638
5.5616 4.5677 5.1334 0.2982
5.5616 4.3826 5.1568 0.3154
5.6285 4.3622 5.1924 0.3117
5.6285 4.0053 5.1904 0.3272
5.6501 4.3261 5.2698 0.3155
5.6501 2.5661 5.2457 0.4130
5.6501 3.9223 5.2990 0.3293
5.6501 4.3261 5.3270 0.2926
5.6501 4.3261 5.3468 0.2751
5.6501 3.1778 5.3788 0.3270
5.6501 3.2500 5.3561 0.3350
5.6501 4.6658 5.3557 0.2466
5.6501 3.3301 5.3202 0.3225
5.6501 4.7245 5.4148 0.2086
5.6501 4.7708 5.4442 0.1885
5.6769 3.6453 5.4432 0.2526
5.6769 2.3636 5.4032 0.3521
5.6769 4.4140 5.4378 0.2130
5.6769 3.2682 5.4200 0.3373
5.6769 3.6487 5.4274 0.3259
5.6769 3.7255 5.4304 0.3503
5.6769 3.7255 5.4070 0.3574
5.6769 2.8234 5.3417 0.4898
5.6769 3.5034 5.3848 0.3911
5.6769 3.6251 5.4303 0.3172
5.6769 3.6251 5.4252 0.3205
5.6769 3.6251 5.3889 0.3627
5.9148 4.1666 5.3951 0.3186
5.9203 1.6081 5.3487 0.4894
5.9203 4.1666 5.3987 0.2859
5.9203 3.6487 5.4207 0.3057
5.9203 4.3614 5.4571 0.2367
5.9203 4.9627 5.5089 0.1669
5.9203 4.5816 5.4956 0.2032
5.9203 3.9600 5.4731 0.2478
5.9203 0.9833 5.4541 0.4922
5.9203 3.6598 5.4817 0.3004
5.9203 4.9627 5.4837 0.1977
5.9203 3.8976 5.4348 0.3260
5.9203 2.3558 5.4043 0.4141
5.9203 0.8633 5.3554 0.5494
5.9203 4.1666 5.4503 0.2794
5.9203 3.5281 5.4177 0.3709
5.9203 1.6112 5.3736 0.6171
5.9376 1.5332 5.3396 0.7475
5.9376 1.6112 5.3673 0.6063
5.9376 2.8762 5.4410 0.3583
5.9376 4.4782 5.4993 0.2783
5.9376 4.5428 5.5047 0.2599
5.9376 4.2112 5.5103 0.2755
5.9376 1.5332 5.4912 0.5308
5.9376 1.5332 5.4376 0.7048
5.9376 1.9870 5.5309 0.4214
5.9376 3.2415 5.5539 0.2977
5.9376 3.2536 5.5308 0.3116
5.9376 4.6985 5.5327 0.2252
5.9376 4.6985 5.5342 0.2053
5.9376 4.1666 5.4686 0.3267
5.9376 2.3558 5.4849 0.4704
5.9376 1.9652 5.4738 0.4973
5.9376 4.0568 5.5211 0.2718
5.9376 4.1666 5.5319 0.2875
5.9376 4.8227 5.5939 0.2136
5.9376 3.6022 5.5404 0.3467
5.9376 3.2536 5.5145 0.4093
5.9376 3.2536 5.4830 0.4430
5.9376 2.8371 5.4660 0.5033
5.9376 4.0568 5.5362 0.3663
5.9376 4.0568 5.5213 0.3515
5.9376 4.5920 5.5648 0.2059
5.9376 3.6487 5.5823 0.2508
