4.0960 0.0017 0.6500 0.8973
4.0960 0.0519 1.5822 1.2054
4.6371 0.2474 2.4322 1.1326
4.7706 0.2474 2.8752 1.0756
4.8717 0.2307 3.0109 1.0097
4.8717 0.4992 3.2041 0.9442
4.8717 0.3175 3.5304 0.9250
4.8838 0.2474 3.7009 0.8328
4.9776 0.6567 3.8128 0.7647
4.9776 0.6159 3.9495 0.7119
4.9776 1.7937 3.9921 0.6785
5.1186 0.2474 4.0393 0.8903
5.1186 1.7482 4.1219 0.6696
5.1186 0.3581 4.1954 0.7749
5.1186 0.2474 4.2853 0.8198
5.1186 0.2474 4.3165 0.8007
5.1186 0.2474 4.2238 0.9974
5.1249 2.8283 4.4318 0.5483
5.1249 3.2344 4.4730 0.5210
5.1249 0.2474 4.4029 0.7721
5.1753 3.4400 4.6635 0.4629
5.1753 3.2344 4.6900 0.5065
5.1892 3.4400 4.7937 0.4084
5.1892 3.9883 4.8628 0.3151
5.1892 3.8364 4.8451 0.3346
5.1892 0.9111 4.8279 0.5473
5.1892 1.5277 4.8882 0.4538
5.1892 3.6577 4.9143 0.3127
5.1892 2.4954 4.8657 0.4722
5.1892 2.4954 4.8762 0.4712
5.1892 3.9301 4.9868 0.2696
5.1892 4.0120 4.9995 0.2426
5.1892 4.0120 4.9881 0.2739
5.1892 3.5968 4.9207 0.3631
5.1892 3.4354 4.8432 0.4493
5.1892 0.4382 4.8012 0.6538
5.1892 1.8947 4.8109 0.5875
5.1892 1.8947 4.7993 0.6164
5.4271 3.6445 4.9681 0.3500
5.4271 3.6445 4.9740 0.3586
5.4271 3.6445 4.9901 0.3246
5.4271 0.2474 4.7944 0.6605
5.4271 3.6445 4.8809 0.4455
5.4271 0.2474 4.8344 0.7303
5.5381 3.6445 4.9564 0.4157
5.5381 3.6445 5.0260 0.3660
5.5555 3.2344 5.0458 0.3327
5.5555 4.4228 5.1257 0.2265
5.5555 4.2511 5.1446 0.2187
5.5555 3.9081 5.1191 0.2739
5.5555 3.5968 5.1148 0.3220
5.5555 0.2474 5.0249 0.7319
5.5555 3.5968 5.1390 0.3326
5.5555 3.9081 5.1568 0.2879
5.9477 2.0553 5.1271 0.4716
5.9477 3.0854 5.0999 0.3812
5.9477 3.0854 5.0968 0.3911
5.9477 3.0854 5.1109 0.3904
5.9477 3.7247 5.1061 0.3228
5.9477 1.0425 5.0958 0.5631
5.9477 1.9037 5.0812 0.5434
5.9477 3.3107 5.0652 0.5228
5.9477 3.3107 5.0849 0.5351
5.9477 3.3107 5.0313 0.5676
5.9477 3.3107 5.0538 0.5730
5.9477 3.3107 5.1306 0.5950
5.9477 3.6327 5.2375 0.4852
5.9477 3.6327 5.1801 0.4963
5.9477 3.0854 5.0873 0.6259
5.9477 0.2474 5.0330 0.8216
5.9477 1.5277 5.0893 0.7396
5.9477 3.0854 5.1561 0.5776
5.9477 3.0854 5.1951 0.6071
5.9477 3.8370 5.2379 0.5812
5.9477 3.8370 5.1907 0.5942
5.9477 2.9242 5.1815 0.6032
5.9477 2.9242 5.1682 0.5911
5.9477 3.6018 5.2305 0.5213
5.9477 3.9238 5.1770 0.4892
5.9477 0.2474 5.1309 0.7170
5.9477 1.7064 5.1410 0.6717
5.9477 2.9242 5.2224 0.5951
5.9477 0.2474 5.2326 0.7637
5.9477 3.3107 5.4003 0.4367
6.0978 3.2517 5.3665 0.4475
6.0978 4.3540 5.4607 0.3185
6.0978 4.1422 5.4399 0.3345
6.0978 4.1794 5.4575 0.3119
6.0978 4.8274 5.4418 0.2662
6.0978 4.9217 5.4772 0.2346
6.0978 1.9037 5.4374 0.4667
6.0978 4.6175 5.4436 0.2812
6.0978 3.8045 5.3678 0.4073
6.0978 2.0251 5.2944 0.5213
6.0978 2.0553 5.2764 0.5469
6.0978 4.4794 5.3083 0.3528
6.0978 4.5152 5.3502 0.3209
6.0978 3.9081 5.3479 0.3313
6.0978 0.4391 5.2904 0.5953
6.0978 3.9081 5.3369 0.3429
