-------Set01(00)-------
0.0215 0.0001 0.0191 0.0052
0.0215 0.0001 0.0201 0.0031
0.0215 0.0176 0.0206 0.0007
0.0215 0.0001 0.0198 0.0040
0.0215 0.0001 0.0204 0.0021
0.0215 0.0002 0.0204 0.0021
0.0215 0.0164 0.0205 0.0006
0.0215 0.0161 0.0205 0.0007
0.0215 0.0113 0.0204 0.0012
0.0215 0.0113 0.0205 0.0010
0.0215 0.0201 0.0206 0.0004
0.0215 0.0201 0.0206 0.0005
0.0215 0.0201 0.0206 0.0005
0.0215 0.0001 0.0203 0.0025
0.0215 0.0186 0.0206 0.0005
0.0215 0.0049 0.0204 0.0017
0.0215 0.0049 0.0205 0.0016
0.0215 0.0186 0.0207 0.0005
0.0215 0.0017 0.0205 0.0023
0.0215 0.0077 0.0206 0.0014
0.0215 0.0001 0.0203 0.0029
0.0215 0.0001 0.0204 0.0023
0.0215 0.0113 0.0206 0.0011
0.0215 0.0001 0.0204 0.0023
0.0215 0.0113 0.0206 0.0012
0.0215 0.0186 0.0209 0.0006
0.0215 0.0186 0.0209 0.0005
0.0215 0.0017 0.0207 0.0020
0.0215 0.0001 0.0206 0.0024
0.0215 0.0002 0.0207 0.0021
0.0215 0.0063 0.0207 0.0016
0.0215 0.0015 0.0204 0.0027
0.0215 0.0001 0.0206 0.0021
0.0215 0.0186 0.0208 0.0006
0.0215 0.0186 0.0209 0.0005
0.0215 0.0186 0.0209 0.0006
0.0215 0.0186 0.0209 0.0005
0.0215 0.0186 0.0210 0.0006
0.0215 0.0186 0.0210 0.0006
0.0215 0.0186 0.0210 0.0006
0.0215 0.0001 0.0207 0.0022
0.0215 0.0186 0.0208 0.0009
0.0215 0.0186 0.0209 0.0008
0.0215 0.0001 0.0207 0.0022
0.0215 0.0186 0.0209 0.0006
0.0215 0.0186 0.0209 0.0007
0.0215 0.0186 0.0208 0.0008
0.0215 0.0186 0.0208 0.0009
0.0215 0.0186 0.0207 0.0008
0.0215 0.0186 0.0207 0.0008
0.0215 0.0186 0.0208 0.0008
0.0215 0.0186 0.0208 0.0008
0.0215 0.0186 0.0207 0.0008
0.0215 0.0186 0.0208 0.0008
0.0215 0.0186 0.0209 0.0007
0.0215 0.0186 0.0210 0.0007
0.0215 0.0186 0.0210 0.0006
0.0215 0.0186 0.0210 0.0008
0.0215 0.0186 0.0210 0.0008
0.0215 0.0186 0.0210 0.0008
0.0215 0.0186 0.0210 0.0008
0.0215 0.0186 0.0211 0.0007
0.0215 0.0186 0.0211 0.0007
0.0215 0.0123 0.0210 0.0011
0.0215 0.0001 0.0209 0.0022
0.0215 0.0186 0.0211 0.0007
0.0215 0.0186 0.0212 0.0005
0.0215 0.0017 0.0210 0.0020
0.0215 0.0186 0.0211 0.0007
0.0215 0.0001 0.0209 0.0022
0.0215 0.0186 0.0211 0.0006
0.0215 0.0186 0.0211 0.0006
0.0215 0.0190 0.0212 0.0005
0.0215 0.0190 0.0211 0.0005
0.0215 0.0190 0.0212 0.0005
0.0215 0.0186 0.0211 0.0006
0.0215 0.0190 0.0211 0.0005
0.0215 0.0186 0.0210 0.0006
0.0215 0.0186 0.0210 0.0006
0.0215 0.0203 0.0212 0.0005
0.0215 0.0186 0.0211 0.0006
0.0215 0.0186 0.0211 0.0006
0.0215 0.0186 0.0211 0.0007
0.0215 0.0190 0.0212 0.0005
0.0215 0.0190 0.0212 0.0006
0.0215 0.0204 0.0214 0.0003
0.0215 0.0001 0.0211 0.0021
0.0215 0.0205 0.0214 0.0003
0.0215 0.0204 0.0214 0.0002
0.0215 0.0001 0.0212 0.0021
0.0215 0.0204 0.0214 0.0002
0.0215 0.0205 0.0215 0.0002
0.0215 0.0205 0.0215 0.0002
0.0215 0.0204 0.0214 0.0003
0.0215 0.0001 0.0212 0.0021
0.0215 0.0204 0.0214 0.0003
0.0215 0.0204 0.0214 0.0003
0.0215 0.0204 0.0214 0.0003
0.0215 0.0190 0.0214 0.0004
0.0215 0.0186 0.0214 0.0004
-------Set01(01)-------
0.0215 0.0001 0.0185 0.0063
0.0215 0.0001 0.0202 0.0034
0.0215 0.0001 0.0202 0.0029
0.0215 0.0097 0.0204 0.0019
0.0215 0.0113 0.0206 0.0011
0.0215 0.0006 0.0198 0.0038
0.0215 0.0004 0.0199 0.0036
0.0215 0.0063 0.0206 0.0017
0.0215 0.0123 0.0207 0.0013
0.0215 0.0001 0.0204 0.0029
0.0215 0.0001 0.0202 0.0032
0.0215 0.0001 0.0203 0.0030
0.0215 0.0186 0.0207 0.0007
0.0215 0.0190 0.0208 0.0006
0.0215 0.0190 0.0209 0.0005
0.0215 0.0190 0.0209 0.0005
0.0215 0.0190 0.0209 0.0005
0.0215 0.0186 0.0209 0.0006
0.0215 0.0190 0.0210 0.0005
0.0215 0.0198 0.0210 0.0005
0.0215 0.0201 0.0210 0.0004
0.0215 0.0190 0.0210 0.0005
0.0215 0.0186 0.0209 0.0005
0.0215 0.0186 0.0210 0.0005
0.0215 0.0186 0.0210 0.0005
0.0215 0.0186 0.0209 0.0006
0.0215 0.0186 0.0209 0.0007
0.0215 0.0186 0.0209 0.0006
0.0215 0.0190 0.0209 0.0005
0.0215 0.0017 0.0207 0.0020
0.0215 0.0190 0.0211 0.0005
0.0215 0.0201 0.0212 0.0004
0.0215 0.0198 0.0211 0.0004
0.0215 0.0190 0.0211 0.0005
0.0215 0.0190 0.0210 0.0006
0.0215 0.0190 0.0211 0.0005
0.0215 0.0190 0.0211 0.0006
0.0215 0.0186 0.0211 0.0006
0.0215 0.0186 0.0211 0.0006
0.0215 0.0190 0.0212 0.0006
0.0215 0.0190 0.0212 0.0006
0.0215 0.0190 0.0213 0.0005
0.0215 0.0190 0.0213 0.0006
0.0215 0.0190 0.0212 0.0007
0.0215 0.0190 0.0212 0.0007
0.0215 0.0190 0.0212 0.0005
0.0215 0.0190 0.0213 0.0004
0.0215 0.0190 0.0213 0.0004
0.0215 0.0190 0.0213 0.0004
0.0215 0.0190 0.0213 0.0005
0.0215 0.0190 0.0213 0.0005
0.0215 0.0186 0.0213 0.0006
0.0215 0.0190 0.0213 0.0005
0.0215 0.0190 0.0213 0.0005
0.0215 0.0190 0.0214 0.0003
0.0215 0.0204 0.0214 0.0003
0.0215 0.0001 0.0212 0.0021
0.0215 0.0204 0.0213 0.0004
0.0215 0.0204 0.0214 0.0003
0.0215 0.0001 0.0212 0.0021
0.0215 0.0204 0.0214 0.0003
0.0215 0.0001 0.0212 0.0021
0.0215 0.0205 0.0214 0.0002
0.0215 0.0001 0.0212 0.0021
0.0215 0.0205 0.0214 0.0002
0.0215 0.0205 0.0214 0.0002
0.0215 0.0190 0.0214 0.0003
0.0215 0.0205 0.0215 0.0001
0.0215 0.0123 0.0213 0.0009
0.0215 0.0123 0.0213 0.0010
0.0215 0.0123 0.0213 0.0010
0.0215 0.0190 0.0214 0.0004
0.0215 0.0001 0.0212 0.0022
0.0215 0.0204 0.0214 0.0003
0.0215 0.0001 0.0210 0.0030
0.0215 0.0001 0.0212 0.0021
0.0215 0.0205 0.0214 0.0002
0.0215 0.0001 0.0210 0.0028
0.0215 0.0190 0.0214 0.0004
0.0215 0.0190 0.0214 0.0004
0.0215 0.0123 0.0213 0.0010
0.0215 0.0190 0.0214 0.0003
0.0215 0.0190 0.0214 0.0003
0.0215 0.0190 0.0214 0.0003
0.0215 0.0001 0.0212 0.0021
0.0215 0.0190 0.0214 0.0004
0.0215 0.0006 0.0212 0.0021
0.0215 0.0190 0.0214 0.0005
0.0215 0.0190 0.0214 0.0003
0.0215 0.0036 0.0210 0.0019
0.0215 0.0190 0.0212 0.0006
0.0215 0.0190 0.0211 0.0008
0.0215 0.0006 0.0209 0.0022
0.0215 0.0190 0.0211 0.0008
0.0215 0.0190 0.0210 0.0009
0.0215 0.0190 0.0210 0.0009
0.0215 0.0190 0.0211 0.0008
0.0215 0.0186 0.0211 0.0007
0.0215 0.0123 0.0212 0.0010
0.0215 0.0186 0.0213 0.0005
-------Set01(10)-------
0.5653 0.0005 0.0376 0.0909
0.6565 0.0002 0.1759 0.2071
0.6675 0.0034 0.3429 0.1999
0.6675 0.0219 0.3627 0.2016
0.6935 0.0018 0.3956 0.1952
0.7113 0.0115 0.4131 0.2005
0.7346 0.0214 0.4465 0.1973
0.7346 0.0262 0.4477 0.2073
0.7346 0.0212 0.5154 0.1841
0.7346 0.0018 0.5238 0.1595
0.7346 0.0253 0.5334 0.1741
0.7346 0.0020 0.5460 0.1640
0.7346 0.0215 0.5562 0.1532
0.7346 0.0011 0.5459 0.1749
0.7346 0.0215 0.5640 0.1558
0.7346 0.0011 0.5743 0.1414
0.7346 0.0008 0.5752 0.1270
0.7438 0.0325 0.6039 0.1321
0.7346 0.0005 0.5691 0.1802
0.7406 0.0328 0.6007 0.1532
0.7406 0.0786 0.6037 0.1370
0.7519 0.0349 0.6118 0.1460
0.7519 0.0207 0.6160 0.1322
0.7519 0.0325 0.6079 0.1389
0.7126 0.0207 0.5879 0.1625
0.7264 0.0034 0.6058 0.1489
0.7325 0.0567 0.6209 0.1198
0.7357 0.0515 0.5921 0.1691
0.7325 0.0421 0.6048 0.1556
0.7325 0.0236 0.5967 0.1404
0.7325 0.0636 0.6217 0.1090
0.7352 0.0660 0.6151 0.1068
0.7352 0.0651 0.6116 0.1345
0.7352 0.0011 0.6167 0.1377
0.7352 0.1602 0.6260 0.1004
0.7352 0.0006 0.6244 0.1225
0.7352 0.3609 0.6437 0.0741
0.7352 0.0053 0.6376 0.1198
0.7352 0.0207 0.6458 0.0990
0.7352 0.3472 0.6383 0.0927
0.7352 0.3037 0.6423 0.0865
0.7352 0.0212 0.6347 0.1154
0.7352 0.3771 0.6460 0.0709
0.7352 0.0006 0.6110 0.1604
0.7352 0.0212 0.6270 0.1154
0.7352 0.0212 0.6384 0.0951
0.7352 0.0006 0.6404 0.0980
0.7352 0.3771 0.6449 0.0632
0.7352 0.3630 0.6468 0.0632
0.7352 0.1521 0.6450 0.0738
0.7352 0.0207 0.6425 0.0863
0.7352 0.3771 0.6428 0.0625
0.7352 0.0006 0.6468 0.1015
0.7381 0.0008 0.6471 0.0975
0.7381 0.0006 0.6221 0.1308
0.7352 0.0212 0.6391 0.1084
0.7354 0.0212 0.6439 0.0945
0.7345 0.0034 0.6425 0.0841
0.7345 0.0470 0.6385 0.0873
0.7345 0.1908 0.6349 0.0851
0.7345 0.2181 0.6366 0.0820
0.7352 0.3280 0.6563 0.0635
0.7352 0.0208 0.6414 0.0820
0.7352 0.0651 0.6383 0.0879
0.7352 0.3771 0.6496 0.0598
0.7352 0.3806 0.6568 0.0564
0.7352 0.1194 0.6455 0.0792
0.7352 0.0207 0.6395 0.0921
0.7381 0.0207 0.6407 0.1026
0.7354 0.0215 0.6590 0.0744
0.7352 0.0215 0.6486 0.0983
0.7381 0.0006 0.6459 0.1147
0.7354 0.0212 0.6381 0.1287
0.7381 0.0721 0.6401 0.1054
0.7345 0.0212 0.6433 0.1149
0.7381 0.1885 0.6537 0.0641
0.7345 0.0006 0.6418 0.1158
0.7381 0.0006 0.6513 0.0994
0.7352 0.0212 0.6394 0.1252
0.7381 0.0235 0.6567 0.0919
0.7381 0.4092 0.6656 0.0458
0.7354 0.0053 0.6586 0.0838
0.7381 0.0005 0.6461 0.1182
0.7381 0.1639 0.6611 0.0785
0.7381 0.5727 0.6791 0.0366
0.7381 0.0208 0.6515 0.0973
0.7354 0.0006 0.6436 0.1255
0.7381 0.0290 0.6510 0.1043
0.7381 0.0357 0.6497 0.1103
0.7381 0.4873 0.6708 0.0456
0.7352 0.5004 0.6664 0.0479
0.7381 0.5316 0.6742 0.0403
0.7352 0.5527 0.6733 0.0380
0.7371 0.5289 0.6721 0.0440
0.7354 0.0208 0.6655 0.0751
0.7352 0.0215 0.6643 0.0774
0.7352 0.0006 0.6361 0.1550
0.7381 0.0006 0.6717 0.0923
0.7381 0.0006 0.6610 0.1298
0.7352 0.5316 0.6803 0.0433
-------Set01(11)-------
0.6557 0.0005 0.0370 0.0809
0.8528 0.0005 0.1589 0.2166
0.8528 0.0002 0.3608 0.3007
0.9060 0.0015 0.5417 0.2715
0.9060 0.0011 0.6000 0.2635
0.9062 0.0035 0.6341 0.2376
0.9062 0.0002 0.6221 0.2427
0.9060 0.0227 0.6784 0.1920
0.9051 0.0053 0.6875 0.1992
0.9060 0.0005 0.6871 0.2167
0.9060 0.0010 0.6930 0.1967
0.9051 0.0153 0.6801 0.2145
0.9051 0.0139 0.7265 0.1529
0.9051 0.0158 0.7302 0.1434
0.9051 0.0215 0.7333 0.1545
0.9051 0.1088 0.7411 0.1443
0.9051 0.0053 0.7428 0.1643
0.9051 0.0015 0.7196 0.2246
0.9051 0.0158 0.7867 0.1333
0.9051 0.5963 0.7994 0.0811
0.9051 0.0053 0.7592 0.2091
0.9051 0.0011 0.7942 0.1259
0.9051 0.0053 0.7806 0.1856
0.9051 0.0158 0.7802 0.1684
0.9051 0.0104 0.7827 0.1654
0.9051 0.0082 0.7932 0.1663
0.9051 0.0011 0.7850 0.1710
0.9051 0.0034 0.7785 0.1498
0.9051 0.0053 0.7555 0.2175
0.9051 0.0158 0.7769 0.1907
0.9051 0.0011 0.7844 0.1747
0.9051 0.0053 0.7817 0.1696
0.9051 0.0158 0.7864 0.1617
0.9051 0.0011 0.7513 0.2178
0.9051 0.0104 0.7527 0.1992
0.9051 0.0158 0.7546 0.1874
0.9051 0.0946 0.7902 0.1028
0.9051 0.0053 0.7483 0.1994
0.9051 0.0010 0.7603 0.1813
0.9051 0.0158 0.7693 0.1545
0.9051 0.0104 0.7789 0.1688
0.9051 0.0104 0.7512 0.2300
0.9051 0.0010 0.7662 0.1972
0.9051 0.0015 0.7720 0.1962
0.9051 0.0158 0.7991 0.1633
0.9051 0.0006 0.7624 0.2147
0.9051 0.0158 0.8036 0.1547
0.9051 0.0158 0.7989 0.1670
0.9051 0.0011 0.8165 0.1508
0.9051 0.0158 0.8029 0.1770
0.9051 0.0158 0.8161 0.1421
0.9051 0.0006 0.8249 0.1274
0.9051 0.0006 0.7986 0.2096
0.9051 0.6372 0.8506 0.0623
0.9051 0.0104 0.8190 0.1757
0.9051 0.0206 0.8516 0.1092
0.9051 0.0053 0.8391 0.1357
0.9051 0.1870 0.8668 0.0889
0.9051 0.0158 0.8403 0.1734
0.9051 0.0053 0.8312 0.2051
0.9051 0.0015 0.8740 0.1017
0.9051 0.0328 0.8680 0.1007
0.9051 0.0158 0.8481 0.1490
0.9051 0.0006 0.8577 0.1105
0.9051 0.0975 0.8639 0.1010
0.9051 0.1695 0.8647 0.0925
0.9051 0.0053 0.8636 0.1051
0.9051 0.0053 0.8481 0.1598
0.9051 0.0053 0.8647 0.1054
0.9051 0.0011 0.8555 0.1351
0.9051 0.5340 0.8747 0.0653
0.9051 0.0158 0.8616 0.1339
0.9051 0.0245 0.8777 0.0978
0.9051 0.6992 0.8831 0.0504
0.9051 0.0245 0.8760 0.0978
0.9051 0.0006 0.8337 0.1909
0.9051 0.1137 0.8669 0.0941
0.9051 0.0158 0.8522 0.1211
0.9051 0.0053 0.8630 0.1051
0.9051 0.6876 0.8731 0.0556
0.9051 0.7440 0.8876 0.0384
0.9051 0.6807 0.8880 0.0423
0.9051 0.0053 0.8553 0.1722
0.9051 0.0158 0.8822 0.0938
0.9051 0.0053 0.8674 0.1315
0.9051 0.0006 0.8424 0.1868
0.9051 0.0011 0.8531 0.1759
0.9051 0.0053 0.8619 0.1515
0.9051 0.0053 0.8640 0.1547
0.9051 0.0006 0.8738 0.1309
0.9051 0.0975 0.8867 0.0852
0.9051 0.6557 0.8885 0.0445
0.9051 0.0158 0.8822 0.0951
0.9051 0.0847 0.8659 0.1330
0.9051 0.0006 0.8655 0.1472
0.9051 0.0207 0.8804 0.1145
0.9051 0.0245 0.8764 0.1203
0.9051 0.0975 0.8849 0.0832
0.9051 0.0006 0.8823 0.1163
0.9051 0.0053 0.8809 0.1247
0.5566 0.0004 0.0373 0.0654
0.7937 0.0005 0.1690 0.2249
0.8088 0.0005 0.4518 0.2754
0.8226 0.0474 0.6037 0.2184
0.8473 0.1007 0.6678 0.1813
0.8557 0.0308 0.7054 0.1485
0.8557 0.0024 0.7294 0.1258
0.8557 0.0005 0.7176 0.1435
0.8557 0.1815 0.7358 0.1019
0.8557 0.3359 0.7450 0.0902
0.8557 0.3961 0.7387 0.0800
0.8775 0.0301 0.7075 0.1483
0.8775 0.0031 0.7255 0.1290
0.8775 0.0005 0.7449 0.1150
0.8775 0.3661 0.7430 0.0958
0.8775 0.0026 0.7203 0.1569
0.8775 0.0008 0.7403 0.1309
0.8819 0.0308 0.7444 0.1235
0.8788 0.0005 0.7463 0.1279
0.8803 0.2498 0.7443 0.1192
0.8803 0.0308 0.7305 0.1419
0.8803 0.0101 0.7461 0.1267
0.8803 0.0031 0.7542 0.1302
0.8803 0.2445 0.7749 0.0900
0.8803 0.3061 0.7708 0.0840
0.8803 0.1919 0.7743 0.0894
0.8803 0.0308 0.7761 0.0965
0.8907 0.2175 0.7718 0.0972
0.8819 0.0301 0.7830 0.0955
0.8819 0.3099 0.7761 0.0834
0.8803 0.0024 0.7741 0.1030
0.8819 0.0005 0.7853 0.0932
0.8819 0.0101 0.7772 0.1102
0.8819 0.0301 0.7876 0.0968
0.8819 0.4863 0.7931 0.0578
0.8819 0.0005 0.7828 0.1075
0.8819 0.0005 0.7772 0.1427
0.8819 0.0005 0.7890 0.1199
0.8819 0.4245 0.7987 0.0535
0.8819 0.0031 0.7963 0.0921
0.8819 0.0026 0.7856 0.1197
0.8907 0.0011 0.7935 0.1167
0.8907 0.0110 0.7963 0.0936
0.8907 0.7184 0.8050 0.0495
0.8907 0.0024 0.7929 0.1216
0.8907 0.0005 0.7966 0.1107
0.8907 0.7184 0.8151 0.0414
0.8907 0.0005 0.7906 0.1434
0.8907 0.0005 0.7953 0.1366
0.8907 0.1711 0.8119 0.1026
0.8907 0.1662 0.8075 0.1174
0.8907 0.1434 0.8106 0.1041
0.8907 0.0005 0.8147 0.1247
0.8907 0.0024 0.8134 0.1194
0.8907 0.2512 0.8276 0.0770
0.8907 0.7528 0.8435 0.0336
0.8907 0.2044 0.8272 0.0939
0.8907 0.0031 0.8220 0.1213
0.8907 0.0308 0.8343 0.1000
0.8907 0.0301 0.8266 0.1314
0.8907 0.0010 0.8332 0.1029
0.8907 0.0005 0.8264 0.1298
0.8907 0.0024 0.8289 0.1246
0.8907 0.2686 0.8404 0.0917
0.8907 0.0005 0.8212 0.1538
0.8907 0.0026 0.8124 0.1654
0.8907 0.0026 0.8391 0.1226
0.8907 0.7586 0.8527 0.0295
0.8907 0.0301 0.8470 0.0882
0.8907 0.0026 0.8255 0.1455
0.8907 0.3564 0.8467 0.0610
0.8907 0.6347 0.8543 0.0342
0.8907 0.0026 0.8501 0.0894
0.8907 0.0026 0.8446 0.1006
0.8907 0.2898 0.8432 0.0893
0.8907 0.0005 0.8353 0.1159
0.8907 0.7675 0.8525 0.0283
0.8907 0.0024 0.8316 0.1152
0.8907 0.3693 0.8471 0.0651
0.8907 0.3210 0.8452 0.0693
0.8907 0.7682 0.8562 0.0267
0.8907 0.0005 0.8460 0.1032
0.8907 0.3499 0.8521 0.0581
0.8907 0.0026 0.8255 0.1433
0.8907 0.1982 0.8366 0.1111
0.8907 0.1434 0.8391 0.1123
0.8907 0.0024 0.8281 0.1385
0.8907 0.0005 0.8168 0.1534
0.8907 0.0308 0.8335 0.1271
0.8907 0.0019 0.8308 0.1478
0.8907 0.0005 0.8016 0.2003
0.8907 0.0031 0.8349 0.1457
0.8907 0.0005 0.8308 0.1541
0.8907 0.2062 0.8504 0.0839
0.8907 0.0005 0.8293 0.1536
0.8907 0.2898 0.8621 0.0598
0.8907 0.0024 0.8529 0.1052
0.8907 0.7920 0.8685 0.0170
0.8907 0.0024 0.8125 0.1819
0.8907 0.2712 0.8515 0.0706
0.0312 0.0001 0.0260 0.0097
0.0312 0.0001 0.0284 0.0063
0.0312 0.0001 0.0292 0.0052
0.0312 0.0001 0.0296 0.0036
0.0312 0.0001 0.0297 0.0035
0.0312 0.0001 0.0295 0.0037
0.0312 0.0001 0.0298 0.0032
0.0312 0.0001 0.0290 0.0056
0.0312 0.0098 0.0296 0.0036
0.0312 0.0001 0.0300 0.0032
0.0312 0.0004 0.0301 0.0030
0.0312 0.0001 0.0297 0.0043
0.0312 0.0286 0.0302 0.0007
0.0312 0.0011 0.0300 0.0030
0.0312 0.0011 0.0301 0.0030
0.0312 0.0286 0.0305 0.0006
0.0312 0.0001 0.0298 0.0043
0.0312 0.0286 0.0304 0.0007
0.0312 0.0286 0.0303 0.0007
0.0312 0.0001 0.0298 0.0043
0.0312 0.0286 0.0305 0.0006
0.0312 0.0286 0.0305 0.0006
0.0312 0.0286 0.0305 0.0006
0.0312 0.0286 0.0306 0.0005
0.0312 0.0001 0.0303 0.0031
0.0312 0.0125 0.0303 0.0019
0.0312 0.0292 0.0306 0.0004
0.0312 0.0001 0.0297 0.0052
0.0312 0.0125 0.0304 0.0018
0.0312 0.0001 0.0292 0.0062
0.0312 0.0001 0.0298 0.0046
0.0312 0.0001 0.0301 0.0035
0.0312 0.0125 0.0303 0.0020
0.0312 0.0001 0.0301 0.0032
0.0312 0.0222 0.0303 0.0012
0.0312 0.0001 0.0297 0.0045
0.0312 0.0292 0.0305 0.0006
0.0312 0.0292 0.0304 0.0006
0.0312 0.0001 0.0300 0.0031
0.0312 0.0292 0.0303 0.0006
0.0312 0.0001 0.0297 0.0042
0.0312 0.0098 0.0300 0.0021
0.0312 0.0001 0.0299 0.0031
0.0312 0.0292 0.0300 0.0007
0.0312 0.0001 0.0294 0.0043
0.0312 0.0125 0.0299 0.0022
0.0312 0.0180 0.0299 0.0014
0.0312 0.0292 0.0298 0.0007
0.0312 0.0292 0.0298 0.0006
0.0312 0.0292 0.0299 0.0007
0.0312 0.0292 0.0299 0.0007
0.0312 0.0292 0.0299 0.0007
0.0312 0.0001 0.0295 0.0036
0.0312 0.0292 0.0300 0.0007
0.0312 0.0050 0.0297 0.0026
0.0312 0.0001 0.0296 0.0031
0.0312 0.0001 0.0298 0.0031
0.0312 0.0098 0.0299 0.0022
0.0312 0.0180 0.0300 0.0018
0.0312 0.0125 0.0301 0.0019
0.0312 0.0001 0.0297 0.0034
0.0312 0.0001 0.0295 0.0045
0.0312 0.0001 0.0298 0.0031
0.0312 0.0292 0.0302 0.0007
0.0312 0.0001 0.0299 0.0031
0.0312 0.0262 0.0301 0.0007
0.0312 0.0262 0.0302 0.0007
0.0312 0.0203 0.0301 0.0012
0.0312 0.0292 0.0303 0.0006
0.0312 0.0001 0.0300 0.0031
0.0312 0.0002 0.0301 0.0031
0.0312 0.0098 0.0302 0.0021
0.0312 0.0277 0.0303 0.0006
0.0312 0.0098 0.0301 0.0021
0.0312 0.0292 0.0303 0.0005
0.0312 0.0286 0.0303 0.0006
0.0312 0.0001 0.0299 0.0032
0.0312 0.0001 0.0299 0.0031
0.0312 0.0286 0.0302 0.0006
0.0312 0.0286 0.0302 0.0006
0.0312 0.0001 0.0299 0.0031
0.0312 0.0286 0.0303 0.0006
0.0312 0.0001 0.0300 0.0031
0.0312 0.0286 0.0303 0.0005
0.0312 0.0098 0.0302 0.0021
0.0312 0.0291 0.0304 0.0005
0.0312 0.0291 0.0303 0.0005
0.0312 0.0286 0.0303 0.0005
0.0312 0.0286 0.0303 0.0005
0.0312 0.0291 0.0304 0.0004
0.0312 0.0292 0.0304 0.0004
0.0312 0.0291 0.0305 0.0004
0.0312 0.0291 0.0305 0.0004
0.0312 0.0291 0.0305 0.0005
0.0312 0.0291 0.0305 0.0005
0.0312 0.0291 0.0306 0.0005
0.0312 0.0050 0.0301 0.0033
0.0312 0.0050 0.0304 0.0026
0.0312 0.0291 0.0306 0.0004
0.0312 0.0286 0.0306 0.0005
0.0311 0.0001 0.0274 0.0078
0.0311 0.0001 0.0289 0.0055
0.0311 0.0001 0.0294 0.0045
0.0311 0.0262 0.0303 0.0007
0.0311 0.0001 0.0299 0.0032
0.0311 0.0001 0.0292 0.0053
0.0311 0.0001 0.0298 0.0033
0.0311 0.0262 0.0303 0.0009
0.0312 0.0001 0.0300 0.0031
0.0312 0.0001 0.0293 0.0052
0.0312 0.0001 0.0292 0.0052
0.0312 0.0001 0.0298 0.0031
0.0312 0.0001 0.0297 0.0031
0.0312 0.0292 0.0302 0.0007
0.0312 0.0291 0.0302 0.0008
0.0312 0.0001 0.0296 0.0043
0.0312 0.0258 0.0300 0.0009
0.0312 0.0001 0.0290 0.0051
0.0312 0.0258 0.0298 0.0008
0.0312 0.0258 0.0297 0.0007
0.0312 0.0258 0.0296 0.0008
0.0312 0.0286 0.0297 0.0006
0.0312 0.0125 0.0296 0.0018
0.0312 0.0125 0.0295 0.0018
0.0312 0.0001 0.0291 0.0042
0.0312 0.0258 0.0296 0.0007
0.0312 0.0125 0.0295 0.0019
0.0312 0.0001 0.0288 0.0051
0.0312 0.0001 0.0296 0.0030
0.0312 0.0001 0.0296 0.0030
0.0312 0.0258 0.0298 0.0008
0.0312 0.0001 0.0291 0.0042
0.0312 0.0001 0.0294 0.0031
0.0312 0.0222 0.0296 0.0011
0.0312 0.0001 0.0289 0.0045
0.0312 0.0258 0.0297 0.0008
0.0312 0.0125 0.0295 0.0019
0.0312 0.0258 0.0298 0.0007
0.0312 0.0258 0.0297 0.0009
0.0312 0.0001 0.0292 0.0043
0.0312 0.0001 0.0287 0.0054
0.0312 0.0001 0.0291 0.0045
0.0312 0.0001 0.0294 0.0035
0.0312 0.0001 0.0292 0.0042
0.0312 0.0001 0.0295 0.0030
0.0312 0.0001 0.0294 0.0030
0.0312 0.0125 0.0296 0.0018
0.0312 0.0001 0.0295 0.0030
0.0312 0.0001 0.0296 0.0030
0.0312 0.0001 0.0296 0.0030
0.0312 0.0001 0.0297 0.0030
0.0312 0.0001 0.0295 0.0035
0.0312 0.0125 0.0294 0.0031
0.0312 0.0292 0.0299 0.0007
0.0312 0.0286 0.0299 0.0006
0.0312 0.0286 0.0300 0.0006
0.0312 0.0001 0.0293 0.0045
0.0312 0.0152 0.0299 0.0016
0.0312 0.0152 0.0299 0.0017
0.0312 0.0001 0.0298 0.0031
0.0312 0.0262 0.0302 0.0007
0.0312 0.0001 0.0297 0.0035
0.0312 0.0292 0.0301 0.0007
0.0312 0.0001 0.0298 0.0035
0.0312 0.0125 0.0298 0.0026
0.0312 0.0001 0.0299 0.0031
0.0312 0.0125 0.0301 0.0019
0.0312 0.0001 0.0299 0.0035
0.0312 0.0001 0.0295 0.0046
0.0312 0.0125 0.0302 0.0019
0.0312 0.0292 0.0304 0.0006
0.0312 0.0292 0.0303 0.0006
0.0312 0.0286 0.0303 0.0006
0.0312 0.0001 0.0297 0.0043
0.0312 0.0292 0.0303 0.0006
0.0312 0.0001 0.0296 0.0046
0.0312 0.0001 0.0297 0.0043
0.0312 0.0001 0.0299 0.0036
0.0312 0.0125 0.0302 0.0018
0.0312 0.0292 0.0304 0.0005
0.0312 0.0125 0.0303 0.0019
0.0312 0.0001 0.0301 0.0031
0.0312 0.0292 0.0303 0.0005
0.0312 0.0292 0.0304 0.0005
0.0312 0.0292 0.0304 0.0005
0.0312 0.0292 0.0303 0.0005
0.0312 0.0293 0.0304 0.0005
0.0312 0.0293 0.0304 0.0005
0.0312 0.0293 0.0304 0.0005
0.0312 0.0293 0.0304 0.0005
0.0312 0.0292 0.0303 0.0005
0.0312 0.0292 0.0304 0.0005
0.0312 0.0292 0.0304 0.0005
0.0312 0.0293 0.0304 0.0005
0.0312 0.0286 0.0305 0.0005
0.0312 0.0293 0.0304 0.0004
0.0312 0.0286 0.0303 0.0005
0.0312 0.0286 0.0304 0.0004
0.0312 0.0286 0.0304 0.0004
0.0312 0.0286 0.0305 0.0004
0.7226 0.0002 0.0597 0.1197
0.7820 0.0002 0.2530 0.2481
0.7937 0.0002 0.4029 0.2587
0.7855 0.0332 0.4772 0.2340
0.7977 0.0004 0.4970 0.2679
0.8140 0.0222 0.5533 0.2360
0.7977 0.0005 0.5448 0.2324
0.7973 0.0005 0.5574 0.2405
0.8016 0.0203 0.6070 0.2172
0.8290 0.0005 0.6396 0.1954
0.8290 0.0002 0.6910 0.1531
0.8290 0.0005 0.6848 0.1854
0.8255 0.0232 0.7142 0.1452
0.8384 0.0005 0.7145 0.1514
0.8290 0.0005 0.7255 0.1499
0.8290 0.0010 0.7209 0.1603
0.8290 0.5888 0.7603 0.0516
0.8290 0.0037 0.7342 0.1465
0.8290 0.1255 0.7332 0.1250
0.8290 0.0232 0.7251 0.1623
0.8290 0.1020 0.7541 0.1059
0.8290 0.0301 0.7535 0.0986
0.8290 0.0990 0.7538 0.0908
0.8290 0.0301 0.7581 0.0928
0.8290 0.2241 0.7616 0.0712
0.8290 0.2901 0.7531 0.0853
0.8290 0.1418 0.7492 0.0955
0.8290 0.0024 0.7421 0.1241
0.8384 0.0024 0.7499 0.1329
0.8153 0.0301 0.7594 0.1090
0.8384 0.1418 0.7448 0.1351
0.8290 0.1418 0.7483 0.1235
0.8290 0.1418 0.7597 0.0953
0.8290 0.0308 0.7400 0.1353
0.8255 0.0024 0.7571 0.1183
0.8290 0.0024 0.7696 0.0815
0.8255 0.0010 0.7695 0.0805
0.8384 0.0005 0.7578 0.1144
0.8384 0.0005 0.7624 0.1105
0.8290 0.0301 0.7648 0.1026
0.8255 0.0019 0.7613 0.1203
0.8290 0.5327 0.7783 0.0300
0.8384 0.5189 0.7756 0.0407
0.8290 0.5327 0.7825 0.0298
0.8290 0.0934 0.7647 0.1085
0.8384 0.1856 0.7621 0.1048
0.8384 0.5868 0.7818 0.0312
0.8290 0.0037 0.7679 0.0998
0.8384 0.0990 0.7634 0.1091
0.8384 0.0308 0.7573 0.1301
0.8384 0.0005 0.7574 0.1429
0.8384 0.0026 0.7303 0.1682
0.8384 0.0990 0.7481 0.1352
0.8384 0.1062 0.7400 0.1474
0.8384 0.0005 0.7454 0.1554
0.8384 0.0110 0.7703 0.1067
0.8384 0.0301 0.7629 0.1360
0.8290 0.3808 0.7899 0.0468
0.8384 0.0301 0.7678 0.1314
0.8384 0.0005 0.7746 0.1043
0.8384 0.1950 0.7838 0.0668
0.8384 0.0005 0.7636 0.1211
0.8290 0.0934 0.7744 0.0999
0.8384 0.0101 0.7707 0.1101
0.8290 0.1861 0.7790 0.0912
0.8290 0.1861 0.7878 0.0654
0.8384 0.5904 0.7906 0.0394
0.8384 0.0301 0.7860 0.0838
0.8384 0.0005 0.7754 0.1014
0.8384 0.0301 0.7569 0.1433
0.8290 0.4497 0.7742 0.0628
0.8384 0.1834 0.7732 0.0942
0.8384 0.0005 0.7615 0.1280
0.8290 0.0005 0.7587 0.1333
0.8290 0.0005 0.7720 0.1042
0.8290 0.1869 0.7630 0.1049
0.8384 0.0005 0.7783 0.0893
0.8384 0.0301 0.7663 0.1306
0.8384 0.0005 0.7600 0.1575
0.8384 0.0005 0.7757 0.1378
0.8384 0.1869 0.7979 0.0680
0.8384 0.0034 0.7918 0.0838
0.8384 0.4531 0.8003 0.0426
0.8290 0.0044 0.7910 0.1138
0.8384 0.2696 0.8028 0.0569
0.8384 0.2449 0.8002 0.0633
0.8384 0.7203 0.8079 0.0219
0.8384 0.7301 0.8104 0.0208
0.8384 0.7203 0.8120 0.0213
0.8393 0.2970 0.8011 0.0715
0.8384 0.0006 0.8060 0.0839
0.8384 0.0301 0.7941 0.1154
0.8384 0.0005 0.7786 0.1682
0.8384 0.7620 0.8127 0.0166
0.8384 0.0026 0.7969 0.1127
0.8384 0.0110 0.7890 0.1326
0.8384 0.0301 0.7749 0.1490
0.8384 0.0301 0.7877 0.1275
0.8384 0.0005 0.7818 0.1516
0.8384 0.0301 0.8006 0.0920
0.6177 0.0004 0.0368 0.0787
0.6761 0.0002 0.1441 0.1945
0.6761 0.0004 0.3027 0.2187
0.6909 0.0006 0.3728 0.1950
0.6909 0.0130 0.3928 0.1929
0.6839 0.0258 0.3934 0.1829
0.6909 0.0001 0.3961 0.1914
0.7324 0.0004 0.3830 0.2144
0.7319 0.0009 0.4581 0.1975
0.7324 0.0480 0.4831 0.1775
0.7324 0.0625 0.4851 0.1843
0.7437 0.0004 0.4475 0.2112
0.7437 0.0366 0.5226 0.1864
0.7437 0.0037 0.5079 0.1828
0.7437 0.0037 0.5560 0.1606
0.7437 0.0010 0.5490 0.1596
0.7437 0.0311 0.5303 0.1629
0.7858 0.0841 0.5278 0.1628
0.7858 0.1504 0.5332 0.1625
0.7858 0.0841 0.5567 0.1574
0.7858 0.0037 0.5701 0.1680
0.7895 0.1506 0.5988 0.1394
0.7895 0.0037 0.5988 0.1655
0.7895 0.0037 0.6241 0.1493
0.7937 0.0005 0.6244 0.1593
0.7937 0.0026 0.6334 0.1488
0.7937 0.0301 0.6627 0.1176
0.7937 0.0011 0.6664 0.1174
0.7937 0.0005 0.6562 0.1460
0.7937 0.0308 0.6710 0.1200
0.7937 0.1491 0.6685 0.1121
0.7937 0.1652 0.6528 0.1363
0.7937 0.0311 0.6753 0.1310
0.7937 0.0006 0.6760 0.1503
0.7937 0.0307 0.6903 0.1462
0.7937 0.0301 0.6989 0.1423
0.7937 0.1038 0.7176 0.1037
0.7937 0.0037 0.7178 0.1182
0.7937 0.0110 0.7406 0.0966
0.7937 0.5444 0.7553 0.0465
0.7937 0.0308 0.7403 0.1032
0.7937 0.0301 0.7376 0.1076
0.7937 0.0005 0.7345 0.0932
0.7937 0.0436 0.7331 0.1098
0.7937 0.0005 0.7296 0.1035
0.7937 0.2904 0.7345 0.0660
0.7937 0.1094 0.7164 0.1388
0.7937 0.0034 0.7188 0.1317
0.7937 0.0005 0.7285 0.0957
0.7937 0.0308 0.7273 0.1048
0.7937 0.0301 0.7368 0.1067
0.7937 0.0005 0.7236 0.1190
0.7937 0.0101 0.6954 0.1846
0.7994 0.1020 0.7280 0.1299
0.7994 0.3789 0.7600 0.0661
0.7994 0.0031 0.7348 0.1514
0.7994 0.0005 0.7426 0.1251
0.7994 0.5861 0.7631 0.0504
0.8422 0.3005 0.7612 0.0634
0.8558 0.0005 0.7556 0.0976
0.8558 0.0308 0.7523 0.0942
0.8558 0.4022 0.7591 0.0635
0.8558 0.0308 0.7410 0.1265
0.8558 0.0110 0.7451 0.1195
0.8558 0.0301 0.7585 0.0926
0.8558 0.0308 0.7550 0.0953
0.8558 0.0301 0.7456 0.1000
0.8558 0.0301 0.7487 0.1141
0.8558 0.3089 0.7524 0.0823
0.8558 0.0101 0.7528 0.1153
0.8558 0.5988 0.7706 0.0452
0.8907 0.0308 0.7640 0.0878
0.8907 0.3114 0.7684 0.0615
0.8907 0.0301 0.7519 0.1195
0.8907 0.5318 0.7693 0.0503
0.8907 0.0110 0.7597 0.1086
0.8907 0.0308 0.7583 0.0945
0.8907 0.0856 0.7490 0.1127
0.8907 0.0308 0.7510 0.1004
0.8907 0.0301 0.7386 0.1263
0.8907 0.0308 0.7354 0.1199
0.8907 0.2175 0.7541 0.0779
0.8907 0.0005 0.7400 0.1499
0.8907 0.3233 0.7687 0.0752
0.8907 0.0110 0.7540 0.1090
0.8907 0.4587 0.7748 0.0595
0.8907 0.0101 0.7544 0.1207
0.8907 0.0005 0.7558 0.1013
0.8907 0.0301 0.7443 0.1408
0.8907 0.3258 0.7650 0.0719
0.8907 0.0301 0.7556 0.1272
0.8907 0.6041 0.7764 0.0489
0.8907 0.0301 0.7705 0.0911
0.8907 0.0037 0.7646 0.1148
0.8907 0.0110 0.7573 0.1187
0.8907 0.3961 0.7749 0.0568
0.8907 0.4022 0.7766 0.0556
0.8907 0.5992 0.7806 0.0387
0.8907 0.3201 0.7749 0.0561
0.8907 0.0005 0.7592 0.1026
