2.8157 0.0009 0.3288 0.5275
3.3709 0.0061 1.0456 0.9478
3.3709 0.0143 1.5233 0.9592
3.5201 0.0143 1.8986 0.8984
3.5404 0.0143 2.0945 1.0536
3.5404 0.0019 2.4080 1.0175
3.5645 0.0307 2.6195 0.9149
3.5645 0.0143 2.7521 0.8778
3.5645 0.0143 2.8392 0.9498
3.5645 0.0143 3.0466 0.6044
3.5645 1.8700 3.1437 0.4757
3.5645 0.0328 3.0880 0.5690
3.5645 0.1448 3.1294 0.5896
3.5645 0.1453 3.2264 0.5354
3.5645 2.0187 3.3694 0.2847
3.5645 1.2278 3.3474 0.3813
3.5645 0.2902 3.2907 0.4886
3.5645 0.1013 3.2490 0.6119
3.5645 1.1246 3.3075 0.4088
3.5645 0.6231 3.2890 0.4427
3.5645 0.0143 3.2872 0.6205
3.5645 0.2902 3.3748 0.4094
3.5645 0.0143 3.2785 0.7128
3.5645 0.2902 3.3707 0.4581
3.5645 1.5542 3.4697 0.2419
3.5645 2.8391 3.4386 0.2352
3.5645 0.2902 3.4258 0.3831
3.5645 1.5789 3.3983 0.3704
3.5645 0.0427 3.3791 0.4717
3.5645 2.1168 3.4338 0.2871
3.5645 2.6315 3.4967 0.1537
3.5645 2.1168 3.4921 0.1966
3.5645 0.2902 3.4487 0.3783
3.5645 0.1588 3.4027 0.4931
3.5645 2.6508 3.4660 0.2064
3.5645 2.4693 3.4264 0.2585
3.5645 2.8391 3.4599 0.2091
3.5645 0.6489 3.4336 0.3529
3.5645 0.6489 3.4472 0.3396
3.5645 2.8260 3.4838 0.1703
3.5645 0.2902 3.3902 0.4509
3.5645 2.1811 3.4506 0.2233
3.5645 2.6241 3.4754 0.1642
3.5645 1.0516 3.4446 0.2936
3.5645 1.0852 3.4894 0.2483
3.5645 1.0516 3.4787 0.2596
3.5645 1.5608 3.4642 0.2700
3.5645 1.9668 3.4753 0.2312
3.5645 1.0209 3.4416 0.3186
3.5645 0.6489 3.4423 0.3439
3.5645 1.9227 3.4740 0.1830
3.5645 0.1588 3.4016 0.4651
3.5645 2.8391 3.4926 0.0838
3.5645 0.6489 3.4671 0.2973
3.5645 2.6241 3.4933 0.1378
3.5645 2.0965 3.4764 0.2028
3.5645 0.0143 3.3480 0.6168
3.5645 0.2902 3.4441 0.3720
3.5645 2.1168 3.4795 0.1938
3.5645 1.5789 3.4754 0.2285
3.5645 2.3107 3.4846 0.1711
3.5645 2.1168 3.4604 0.2350
3.5645 0.0143 3.3851 0.5897
3.5645 1.0209 3.4639 0.2885
3.5645 2.8391 3.4892 0.1546
3.5645 2.6241 3.4782 0.1755
3.5645 0.0427 3.4240 0.4505
3.5645 0.0143 3.4132 0.4622
3.5645 0.2902 3.4420 0.3682
3.5645 0.2902 3.4387 0.4654
3.5645 2.6508 3.4909 0.1507
3.5645 1.5212 3.4475 0.2939
3.5645 0.0188 3.4134 0.4412
3.5645 2.0273 3.4819 0.2222
3.5645 1.0786 3.4521 0.3356
3.5645 1.0786 3.4293 0.4062
3.5645 0.1588 3.4106 0.4827
3.5645 1.5734 3.4606 0.2972
3.5645 0.2902 3.4774 0.3608
3.5645 1.9034 3.4915 0.1985
3.5645 0.0368 3.4138 0.4648
3.5645 0.0368 3.3705 0.5993
3.5645 0.0368 3.4292 0.4427
3.5645 2.8391 3.5113 0.1031
3.5645 2.8157 3.4927 0.1436
3.5645 1.5631 3.4532 0.2623
3.5645 1.5631 3.4627 0.2559
3.5645 0.2902 3.4152 0.4594
3.5645 0.0368 3.4159 0.5009
3.5645 0.6489 3.4301 0.4269
3.5645 1.4760 3.4404 0.3418
3.5645 1.4760 3.4555 0.2905
3.5645 0.8047 3.4037 0.3886
3.5645 1.9227 3.4724 0.2234
3.5645 0.0368 3.3808 0.4688
3.5645 0.0368 3.4086 0.4077
3.5645 1.0447 3.4027 0.4072
3.5645 0.9073 3.4395 0.3437
3.5645 1.5542 3.4186 0.3258
3.5645 0.0225 3.3985 0.4455
