3.0558 0.0447 0.7566 0.8024
3.0558 0.2370 1.5652 0.8967
3.0558 0.2370 2.1616 0.7319
3.0558 0.2370 2.2316 0.8095
3.2075 0.2370 2.3537 0.7530
3.3948 0.1761 2.4129 0.7841
3.3948 0.2370 2.5817 0.7644
3.3948 0.3469 2.8447 0.4841
3.3948 0.1670 2.6950 0.7798
3.4517 0.2370 2.8992 0.5249
3.4517 0.8820 2.9725 0.4320
3.4517 0.9672 2.9372 0.4934
3.4517 0.2370 3.0079 0.5416
3.4517 1.0806 3.0444 0.4017
3.4517 0.2642 3.0283 0.4870
3.4517 0.2404 3.0868 0.4443
3.4517 2.3960 3.1447 0.2211
3.4517 2.4011 3.1339 0.2209
3.4517 2.4011 3.1409 0.2179
3.4517 2.5292 3.1734 0.1903
3.4517 2.5292 3.1658 0.1991
3.4517 2.5292 3.2042 0.1948
3.4839 2.6137 3.2116 0.1847
3.4839 2.8807 3.2499 0.1718
3.4839 2.8807 3.2848 0.1668
3.4839 2.5292 3.2740 0.1871
3.4839 0.9375 3.2723 0.2941
3.4839 2.5292 3.3024 0.1849
3.4839 2.8807 3.3201 0.1758
3.6192 2.8807 3.3150 0.1772
3.6192 3.0511 3.3426 0.1543
3.6192 2.5292 3.3275 0.1790
3.7568 0.2369 3.3053 0.4270
3.7568 2.5292 3.3582 0.1771
3.7568 2.5292 3.3486 0.1928
3.7568 2.5292 3.3792 0.1710
3.7568 2.5292 3.3787 0.1800
3.7568 2.6137 3.3667 0.1649
3.7568 2.6137 3.3687 0.1756
3.7568 0.8820 3.3264 0.3549
3.7568 2.6137 3.3805 0.2276
3.7568 2.6137 3.3795 0.2356
3.7568 0.1536 3.3404 0.3982
3.7568 2.5292 3.3671 0.2689
3.9054 2.6137 3.4073 0.2580
3.9054 2.6137 3.4324 0.2522
3.9054 2.6137 3.4490 0.2616
3.9086 2.6137 3.5134 0.2142
4.0949 1.1653 3.4641 0.3346
4.0949 2.6137 3.4557 0.2848
4.0949 2.6137 3.4993 0.2275
4.0949 1.0785 3.4426 0.3885
4.0949 0.8820 3.3661 0.5956
4.0949 1.1653 3.4820 0.4778
4.0949 1.4573 3.5110 0.4578
4.0949 2.5292 3.6481 0.3435
4.0949 2.5292 3.6750 0.3521
4.0949 2.6137 3.6694 0.3535
4.0949 2.6137 3.6793 0.3239
4.0949 2.8152 3.6969 0.2954
4.0949 2.5296 3.6822 0.3593
4.0949 0.2370 3.5498 0.6575
4.0949 2.5296 3.6958 0.3769
4.0949 2.5292 3.6248 0.4336
4.0949 2.5292 3.6606 0.4587
4.0949 2.5292 3.7097 0.4647
4.0949 2.5292 3.8063 0.4166
4.0949 2.5292 3.8550 0.3313
4.0949 2.5296 3.8661 0.3125
4.0949 2.5296 3.8829 0.2700
4.0949 3.0264 3.8816 0.2643
4.0949 3.0264 3.9042 0.2467
4.1071 3.0264 3.8870 0.2408
4.1071 3.4013 3.9091 0.1797
4.1071 3.4013 3.9488 0.1674
4.1071 3.6192 3.9542 0.1599
4.1071 3.6192 3.9503 0.1679
4.1071 3.6192 3.9931 0.1494
4.1071 3.6192 3.9913 0.1357
4.1071 3.6192 3.9901 0.1312
4.1071 3.6192 4.0052 0.1297
4.1071 3.6192 3.9838 0.1402
4.1071 0.3968 3.9562 0.3830
4.1071 3.3471 3.9528 0.1563
4.1071 2.5292 3.9831 0.1900
4.1071 2.5292 3.9280 0.3356
4.1071 2.5292 3.9253 0.3194
4.1071 2.7978 3.9827 0.2388
4.1071 2.7978 3.9720 0.2239
4.1071 2.7978 3.9555 0.2380
4.1071 2.5296 3.9657 0.2331
4.1071 3.7568 4.0005 0.1225
4.1071 3.7568 4.0215 0.1039
4.1071 3.6675 4.0382 0.0947
4.1071 3.3471 4.0096 0.1493
4.1071 3.3471 3.9961 0.1610
4.1071 3.1926 4.0184 0.1472
4.1071 3.1926 4.0152 0.1687
4.1071 3.1926 4.0045 0.1784
4.1071 3.1926 3.9983 0.2047
