0.3898 0.0007 0.1396 0.0864
0.3898 0.0007 0.1406 0.0869
0.3898 0.0007 0.1429 0.0865
0.3898 0.0007 0.1439 0.0870
0.3898 0.0007 0.1461 0.0865
0.3898 0.0007 0.1475 0.0858
0.3898 0.0007 0.1497 0.0852
0.3898 0.0007 0.1517 0.0860
0.3898 0.0007 0.1528 0.0865
0.3898 0.0007 0.1538 0.0869
0.3898 0.0007 0.1546 0.0871
0.3898 0.0007 0.1568 0.0864
0.3898 0.0007 0.1570 0.0865
4.0681 0.0007 0.1975 0.3983
4.0681 0.0007 0.1997 0.3979
4.0681 0.0007 0.2007 0.3978
4.0681 0.0007 0.2032 0.3974
4.0681 0.0007 0.2033 0.3974
4.0681 0.0007 0.2026 0.3974
4.0681 0.0007 0.2026 0.3974
4.0681 0.0007 0.2048 0.3970
4.0681 0.0007 0.2061 0.3969
4.0681 0.0007 0.2061 0.3969
4.0681 0.0007 0.2063 0.3970
4.0681 0.0007 0.2057 0.3970
4.0681 0.0007 0.2092 0.3962
4.0681 0.0007 0.2092 0.3962
4.0681 0.0007 0.2115 0.3956
4.0681 0.0007 0.2201 0.4085
4.0681 0.0007 0.2223 0.4080
4.0681 0.0007 0.2245 0.4075
4.0681 0.0007 0.2255 0.4074
4.0681 0.0007 0.2257 0.4074
4.0681 0.0007 0.2279 0.4068
4.0681 0.0007 0.2286 0.4067
4.0681 0.0007 0.2294 0.4066
4.0681 0.0007 0.2319 0.4060
4.0681 0.0007 0.2343 0.4053
4.0681 0.0007 0.2344 0.4053
4.0681 0.0007 0.2355 0.4052
4.0681 0.0007 0.2366 0.4051
4.0681 0.0007 0.2356 0.4052
4.0681 0.0007 0.2358 0.4052
4.0681 0.0007 0.2358 0.4052
4.0681 0.0007 0.2358 0.4052
4.0681 0.0007 0.2366 0.4051
4.0681 0.0007 0.2366 0.4051
4.0681 0.0007 0.2390 0.4044
4.0681 0.0007 0.2519 0.4266
4.0681 0.0007 0.2519 0.4267
4.0707 0.0007 0.2905 0.5715
4.0707 0.0007 0.2905 0.5715
4.0707 0.0007 0.2905 0.5715
4.0707 0.0007 0.2905 0.5715
4.0707 0.0007 0.2929 0.5707
4.0707 0.0007 0.2932 0.5707
4.0707 0.0007 0.2942 0.5705
4.0707 0.0007 0.2952 0.5703
4.0707 0.0007 0.2971 0.5709
4.0707 0.0007 0.2971 0.5709
4.0707 0.0007 0.3009 0.5697
4.0707 0.0007 0.3010 0.5697
4.0707 0.0007 0.3007 0.5678
4.0707 0.0007 0.3007 0.5678
4.0707 0.0007 0.3328 0.6054
4.0707 0.0007 0.3328 0.6054
4.0707 0.0007 0.3321 0.6055
4.0707 0.0007 0.3322 0.6055
4.0707 0.0007 0.3322 0.6055
4.0707 0.0007 0.3324 0.6055
4.0707 0.0007 0.3324 0.6055
4.0707 0.0007 0.3325 0.6055
4.0707 0.0007 0.3477 0.6218
4.0707 0.0007 0.3487 0.6215
4.0707 0.0007 0.3486 0.6216
4.0707 0.0007 0.3495 0.6213
4.0707 0.0007 0.3499 0.6200
4.0707 0.0007 0.3489 0.6203
4.0707 0.0007 0.3511 0.6197
4.0707 0.0008 0.3533 0.6189
4.0707 0.0008 0.3534 0.6189
4.0707 0.0008 0.3694 0.6361
4.0707 0.0008 0.3704 0.6358
4.0707 0.0008 0.3714 0.6355
4.0707 0.0008 0.3712 0.6356
4.0707 0.0008 0.3702 0.6359
4.0427 0.0008 0.3486 0.5354
4.0427 0.0008 0.3476 0.5357
4.0427 0.0008 0.3496 0.5351
4.0427 0.0008 0.3518 0.5342
4.0427 0.0008 0.3529 0.5339
4.0427 0.0008 0.3527 0.5339
1.8216 0.0008 0.3210 0.3865
1.8216 0.0008 0.3210 0.3865
1.8216 0.0008 0.3062 0.3556
1.8216 0.0008 0.3054 0.3558
1.8216 0.0008 0.3054 0.3558
1.8216 0.0008 0.3044 0.3562
1.8216 0.0008 0.3081 0.3657
1.8216 0.0008 0.3081 0.3658
1.8216 0.0008 0.3081 0.3658
1.8216 0.0008 0.3079 0.3658
1.8216 0.0008 0.3069 0.3661
1.8216 0.0008 0.3069 0.3661
1.8216 0.0008 0.3340 0.3991
1.8216 0.0008 0.3340 0.3991
1.8216 0.0008 0.3341 0.3990
1.8216 0.0008 0.3342 0.3990
1.8216 0.0008 0.3341 0.3990
1.8216 0.0008 0.3341 0.3990
1.8216 0.0008 0.3334 0.3993
1.8216 0.0008 0.3325 0.3996
1.8216 0.0008 0.3334 0.3993
4.0427 0.0008 0.4095 0.6547
4.0427 0.0008 0.4085 0.6551
4.0427 0.0008 0.4085 0.6551
4.0427 0.0008 0.4075 0.6554
4.0427 0.0008 0.4065 0.6557
4.0427 0.0008 0.4067 0.6557
4.0427 0.0008 0.4066 0.6557
4.0427 0.0008 0.4067 0.6557
4.0427 0.0008 0.3687 0.5445
4.0427 0.0008 0.3676 0.5449
4.0427 0.0008 0.3679 0.5451
4.0427 0.0008 0.3689 0.5449
4.0427 0.0008 0.3697 0.5446
4.0427 0.0008 0.3696 0.5447
4.0427 0.0008 0.3573 0.5335
4.0427 0.0008 0.3573 0.5335
4.0427 0.0008 0.3583 0.5332
4.0427 0.0008 0.3593 0.5329
4.0427 0.0008 0.3603 0.5325
4.0427 0.0008 0.3613 0.5322
4.0427 0.0008 0.3616 0.5365
4.0427 0.0008 0.3607 0.5369
4.0427 0.0008 0.3932 0.5692
4.0427 0.0008 0.4072 0.5848
4.0427 0.0008 0.4062 0.5852
4.0427 0.0008 0.4063 0.5851
4.0427 0.0008 0.4073 0.5848
4.0427 0.0008 0.4073 0.5848
4.0427 0.0008 0.4083 0.5844
4.0427 0.0008 0.4245 0.5990
4.0427 0.0008 0.4245 0.5990
4.0427 0.0008 0.4247 0.5989
4.0427 0.0008 0.4242 0.5993
4.0427 0.0008 0.4242 0.5993
4.0427 0.0008 0.4242 0.5993
4.0427 0.0008 0.4252 0.5989
4.0427 0.0008 0.4260 0.5986
4.0427 0.0008 0.4260 0.5986
4.0427 0.0008 0.4260 0.5986
4.0427 0.0008 0.4261 0.5986
4.0427 0.0008 0.4261 0.5986
4.0427 0.0008 0.4267 0.5983
4.0427 0.0008 0.4267 0.5983
4.0427 0.0008 0.4268 0.5983
4.0427 0.0008 0.4268 0.5983
4.0427 0.0008 0.4271 0.5982
4.0427 0.0008 0.4272 0.5982
4.0427 0.0008 0.4300 0.5978
4.0427 0.0008 0.4456 0.6118
4.0427 0.0008 0.4456 0.6118
4.0427 0.0008 0.4640 0.6336
4.0427 0.0008 0.4649 0.6333
4.0427 0.0008 0.4649 0.6333
4.0427 0.0008 0.4649 0.6333
4.0427 0.0008 0.4648 0.6333
4.0427 0.0008 0.4887 0.6448
4.0427 0.1378 0.4920 0.6430
4.0427 0.1378 0.4920 0.6430
4.0427 0.1378 0.4920 0.6430
4.0427 0.1378 0.4920 0.6430
4.0427 0.1378 0.4922 0.6429
4.0427 0.1378 0.4922 0.6429
4.0427 0.1378 0.4924 0.6429
4.0427 0.1378 0.4924 0.6429
4.0427 0.1378 0.4934 0.6424
4.0427 0.1378 0.4944 0.6419
4.0427 0.1378 0.4934 0.6424
4.0427 0.1378 0.4934 0.6424
4.0427 0.1378 0.4934 0.6424
4.0427 0.1378 0.5070 0.6512
4.0427 0.1378 0.5080 0.6507
4.0427 0.1378 0.5232 0.6619
4.0427 0.1378 0.5240 0.6615
4.0427 0.1378 0.5234 0.6618
4.0427 0.1378 0.5242 0.6614
4.0427 0.1378 0.5394 0.6720
4.0472 0.1378 0.5746 0.7575
4.0472 0.1378 0.5750 0.7573
4.0472 0.1378 0.5753 0.7572
4.0472 0.1378 0.5754 0.7571
4.0472 0.1378 0.5754 0.7571
4.0472 0.1378 0.5760 0.7569
4.0472 0.1378 0.5379 0.6724
4.0472 0.1378 0.5380 0.6724
4.0472 0.1378 0.5375 0.6725
4.0472 0.1378 0.5375 0.6725
4.0472 0.1378 0.5702 0.6941
4.0472 0.1378 0.5692 0.6946
4.0472 0.1378 0.5702 0.6941
4.0472 0.1378 0.5704 0.6940
4.0472 0.1378 0.5856 0.7031
4.0472 0.1378 0.5860 0.7030
4.0472 0.1378 0.5870 0.7024
4.0472 0.1378 0.5870 0.7024
4.0472 0.1378 0.5873 0.7022
4.0472 0.1378 0.5867 0.7036
4.0472 0.1378 0.5919 0.7031
4.0472 0.1378 0.6071 0.7117
4.0472 0.1378 0.6072 0.7116
4.0472 0.1378 0.6064 0.7120
4.0472 0.1378 0.6061 0.7121
4.0472 0.1378 0.5911 0.7040
4.0472 0.1378 0.5912 0.7040
4.0472 0.1378 0.5915 0.7038
4.0472 0.1378 0.5915 0.7038
4.0472 0.1378 0.6074 0.7134
4.0472 0.1378 0.6074 0.7134
4.0472 0.1378 0.6074 0.7134
4.0472 0.1378 0.6074 0.7134
4.0472 0.1378 0.6074 0.7134
4.0472 0.1378 0.6065 0.7139
4.0472 0.1378 0.6065 0.7139
4.0472 0.1378 0.5926 0.7034
4.0472 0.1378 0.5926 0.7034
4.0472 0.1378 0.6226 0.7204
4.0472 0.1378 0.6371 0.7270
4.0472 0.1378 0.6523 0.7343
4.0472 0.1378 0.6523 0.7343
4.0472 0.0166 0.6511 0.7353
4.0472 0.0166 0.6511 0.7353
4.0472 0.0166 0.6512 0.7352
4.0472 0.0166 0.6519 0.7362
4.0472 0.0166 0.6518 0.7362
4.0472 0.0166 0.6522 0.7373
4.0472 0.0166 0.6370 0.7299
4.0472 0.0166 0.6428 0.7291
4.0472 0.0166 0.6579 0.7364
4.0472 0.0166 0.6580 0.7364
4.0472 0.0166 0.6583 0.7362
4.0472 0.0166 0.6749 0.7453
4.0472 0.0166 0.6791 0.7522
4.0472 0.0166 0.6791 0.7522
4.0472 0.0166 0.6925 0.7559
4.0472 0.0166 0.6773 0.7496
4.0472 0.0166 0.6773 0.7496
4.0472 0.0166 0.6783 0.7490
4.0472 0.0166 0.6793 0.7483
4.0472 0.0166 0.6786 0.7474
4.0472 0.0166 0.6777 0.7480
4.0472 0.0166 0.6935 0.7553
4.0472 0.0166 0.6935 0.7553
4.0472 0.0166 0.7123 0.7669
4.0472 0.0166 0.7123 0.7669
4.0472 0.0166 0.7123 0.7669
4.0472 0.0166 0.7290 0.7745
4.0472 0.0166 0.7289 0.7746
4.0472 0.0166 0.7290 0.7745
4.0472 0.0166 0.7289 0.7746
4.0472 0.0166 0.7289 0.7746
4.0472 0.0166 0.7300 0.7740
4.0472 0.0166 0.7255 0.7667
4.0472 0.0166 0.7258 0.7688
4.0472 0.0166 0.7282 0.7712
4.0472 0.0166 0.7282 0.7712
4.0472 0.0166 0.7292 0.7705
4.0472 0.0166 0.7292 0.7705
4.0472 0.0166 0.7228 0.7648
4.0472 0.0166 0.7149 0.7668
4.0472 0.0166 0.7139 0.7674
4.0472 0.0166 0.7149 0.7668
4.0472 0.0166 0.7319 0.7745
4.0472 0.0166 0.7461 0.7802
4.0472 0.0166 0.7461 0.7802
4.0472 0.0166 0.7462 0.7802
4.0472 0.0166 0.7462 0.7802
4.0472 0.0166 0.7464 0.7801
4.0472 0.0166 0.7464 0.7800
4.0472 0.0166 0.7361 0.7686
4.0472 0.0166 0.7361 0.7686
4.0472 0.0166 0.7371 0.7679
4.0472 0.0166 0.7520 0.7727
4.0472 0.0166 0.7511 0.7735
4.0472 0.0166 0.7501 0.7742
4.0472 0.0166 0.7688 0.7843
4.0472 0.0166 0.7688 0.7842
4.0472 0.0166 0.7689 0.7842
4.0472 0.0166 0.7875 0.7937
4.0472 0.0166 0.8543 0.9097
4.0472 0.0166 0.8705 0.9112
4.0472 0.0166 0.8537 0.9091
4.0472 0.0166 0.8400 0.9086
4.0472 0.0166 0.8400 0.9086
4.0472 0.0166 0.8400 0.9086
4.0472 0.0166 0.8523 0.9126
4.0472 0.0166 0.8674 0.9147
4.0472 0.0166 0.8684 0.9140
4.0472 0.0166 0.8685 0.9139
4.0472 0.0166 0.8685 0.9139
4.0472 0.0166 0.8685 0.9139
4.0472 0.0166 0.8716 0.9176
4.0472 0.0166 0.8709 0.9181
4.0472 0.0166 0.8710 0.9180
4.0472 0.0166 0.8701 0.9187
4.0472 0.0166 0.8701 0.9187
4.0472 0.0166 0.8691 0.9194
4.0472 0.0166 0.8539 0.9172
4.0472 0.0166 0.8549 0.9164
4.0472 0.0166 0.8389 0.9137
4.0472 0.0166 0.8389 0.9137
4.0472 0.0166 0.8394 0.9144
4.0472 0.0166 0.8394 0.9144
4.0716 0.0166 0.9170 1.0152
4.0716 0.0166 0.9474 1.0167
4.0716 0.0166 0.9547 1.0224
4.0716 0.0166 0.9558 1.0216
4.0716 0.0166 0.9678 1.0190
4.0716 0.0166 0.9688 1.0183
4.0716 0.0166 0.9847 1.0192
4.0716 0.0166 0.9848 1.0193
4.0716 0.0166 0.9848 1.0193
4.0716 0.0166 0.9821 1.0176
4.0716 0.0166 0.9821 1.0176
4.0716 0.0166 0.9829 1.0169
4.0716 0.0166 0.9746 1.0195
4.0716 0.0166 0.9744 1.0197
4.0716 0.0166 0.9896 1.0199
4.0716 0.0166 0.9897 1.0199
4.0716 0.0166 0.9897 1.0199
4.0716 0.0166 0.9897 1.0199
4.0716 0.0166 1.0056 1.0205
4.0716 0.0166 1.0067 1.0213
4.0716 0.0166 1.0446 1.0605
4.0716 0.0166 1.0446 1.0605
4.0716 0.0166 1.0446 1.0605
4.0716 0.0166 1.0449 1.0603
4.0716 0.0166 1.0449 1.0603
4.0716 0.0166 1.0449 1.0603
4.0716 0.0166 1.0448 1.0603
4.0716 0.0166 1.0152 1.0164
4.0716 0.0166 1.0067 1.0194
4.0716 0.0166 1.0166 1.0176
4.0716 0.0166 1.0166 1.0176
4.0716 0.0166 1.0167 1.0176
4.0716 0.0166 1.0336 1.0169
4.0716 0.0166 1.0336 1.0169
4.0716 0.0166 1.0319 1.0145
4.0716 0.0166 1.0462 1.0538
4.0716 0.0166 1.0462 1.0538
4.0716 0.0166 1.0471 1.0531
4.0716 0.0166 1.0471 1.0531
4.0716 0.0166 1.0629 1.0527
4.0716 0.0166 1.0629 1.0527
4.0716 0.0166 1.0479 1.0536
4.0716 0.0166 1.0509 1.0515
4.0716 0.0166 1.0564 1.0554
4.0716 0.0166 1.0564 1.0554
4.0716 0.0166 1.0598 1.0573
4.0716 0.0166 1.0598 1.0573
4.0716 0.0166 1.0756 1.0568
4.0716 0.0166 1.0757 1.0568
4.0716 0.0166 1.0944 1.0584
4.0716 0.0166 1.1106 1.0576
4.0716 0.0166 1.1105 1.0577
4.0716 0.0166 1.1253 1.0574
4.0716 0.0166 1.1253 1.0575
4.0716 0.0166 1.1263 1.0566
4.0716 0.0166 1.1265 1.0567
4.0716 0.0166 1.1265 1.0567
4.0716 0.0166 1.1330 1.0548
4.0716 0.0166 1.1336 1.0552
4.0716 0.0166 1.1343 1.0545
4.0716 0.0166 1.1502 1.0530
4.0716 0.0166 1.1503 1.0531
4.0716 0.0166 1.1503 1.0531
4.0716 0.0166 1.1496 1.0537
4.0716 0.0166 1.1496 1.0537
4.0716 0.0166 1.1637 1.0508
4.0716 0.0166 1.2136 1.0837
4.0716 0.0166 1.2137 1.0837
4.0716 0.0166 1.2003 1.0874
4.0716 0.0166 1.2378 1.1181
4.0716 0.0166 1.2530 1.1147
4.0716 0.0166 1.2528 1.1150
4.0716 0.0166 1.2527 1.1150
4.0716 0.0166 1.2908 1.1442
4.0716 0.0166 1.2526 1.1141
4.0716 0.0166 1.2369 1.1173
4.0716 0.0166 1.2602 1.1517
4.0716 0.0166 1.2754 1.1481
4.0716 0.0166 1.3115 1.1760
4.0716 0.0166 1.3277 1.1719
4.0716 0.0166 1.3270 1.1717
4.0716 0.0166 1.3270 1.1717
4.0716 0.0166 1.3353 1.1667
4.0716 0.0166 1.3353 1.1667
4.0716 0.0166 1.3582 1.1968
4.0716 0.0166 1.3733 1.1922
4.0716 0.0166 1.3896 1.1863
4.0716 0.0166 1.4047 1.1812
4.0716 0.0166 1.4200 1.1759
4.0716 0.0166 1.4352 1.1703
4.0716 0.0166 1.4664 1.1974
4.0716 0.0166 1.4664 1.1974
4.0716 0.0166 1.4851 1.1928
4.0716 0.0166 1.5014 1.1854
4.0716 0.0166 1.5396 1.2049
4.0716 0.0166 1.5464 1.1995
4.0716 0.0166 1.5528 1.2008
4.0716 0.0166 1.5142 1.1834
4.0716 0.0166 1.5148 1.1836
4.0716 0.0166 1.5148 1.1836
4.0716 0.0166 1.5300 1.1768
4.0716 0.0166 1.5630 1.2183
4.0716 0.0166 1.5630 1.2183
4.0716 0.0166 1.5687 1.2202
4.0716 0.0166 1.5908 1.2445
4.0716 0.0166 1.6059 1.2373
4.0716 0.0166 1.6209 1.2297
4.0716 0.0166 1.6022 1.2364
4.0716 0.0166 1.6022 1.2364
4.0716 0.0166 1.6022 1.2364
4.0716 0.0166 1.6022 1.2364
4.0716 0.0166 1.6022 1.2364
4.0716 0.0166 1.6329 1.2378
4.0716 0.0166 1.6327 1.2378
4.0716 0.0166 1.6282 1.2420
4.0716 0.0166 1.6281 1.2421
4.0716 0.0166 1.6414 1.2410
4.0716 0.0166 1.6450 1.2419
4.0716 0.0166 1.6451 1.2419
4.0716 0.0166 1.6638 1.2347
4.0716 0.0166 1.6674 1.2355
4.0716 0.0166 1.6843 1.2260
4.0716 0.0166 1.6840 1.2264
4.0716 0.0166 1.6933 1.2234
4.0716 0.0166 1.6933 1.2234
4.0716 0.0166 1.6933 1.2234
4.0807 0.0166 1.7073 1.2331
4.0807 0.0166 1.7303 1.2548
4.0807 0.0166 1.7455 1.2458
4.0807 0.0166 1.7455 1.2458
4.0807 0.0166 1.7466 1.2461
4.0807 0.0166 1.7842 1.2567
4.0807 0.0166 1.8019 1.2472
4.0807 0.0166 1.8054 1.2475
4.0807 0.0166 1.8252 1.2366
4.0807 0.0166 1.8096 1.2470
4.0807 0.0166 1.8125 1.2474
4.0807 0.0166 1.8282 1.2373
4.0807 0.0166 1.8282 1.2373
4.0807 0.0166 1.8435 1.2269
4.0807 0.0166 1.8594 1.2163
4.0807 0.0166 1.8594 1.2163
4.0807 0.0166 1.8745 1.2055
4.0807 0.0166 1.8375 1.1965
4.0807 0.0166 1.8375 1.1965
4.0807 0.0166 1.8375 1.1965
4.0807 0.0166 1.8411 1.1968
4.0807 0.0166 1.8579 1.1844
4.0807 0.0166 1.8579 1.1844
4.0807 0.0166 1.8803 1.2033
4.0807 0.0166 1.8803 1.2033
4.0870 0.0166 1.8808 1.2043
4.0870 0.0166 1.8810 1.2042
4.0870 0.0166 1.8846 1.2044
4.0870 0.0166 1.9033 1.1932
4.0870 0.0166 1.9058 1.1931
4.0870 0.0166 1.9058 1.1931
4.0870 0.0166 1.9022 1.1930
4.0870 0.0166 1.9022 1.1930
4.0870 0.0166 1.9023 1.1931
4.0870 0.0166 1.9023 1.1931
4.0870 0.0166 1.9200 1.1813
4.0870 0.0166 1.9579 1.1866
4.0870 0.0166 1.9354 1.1675
4.0870 0.0166 1.9542 1.1551
4.0870 0.0166 1.9570 1.1551
4.0870 0.0166 1.9542 1.1551
4.0870 0.0166 1.9434 1.1485
4.0870 0.0166 1.9631 1.1672
4.0870 0.0166 2.0041 1.2028
4.0870 0.0166 2.0229 1.1897
4.0870 0.0166 2.0229 1.1897
4.0870 0.0166 2.0223 1.1898
4.0870 0.0166 2.0223 1.1898
4.0870 0.0166 2.0251 1.1897
4.0870 0.0166 2.0222 1.1898
4.0870 0.0166 2.0227 1.1906
4.0870 0.0166 2.0230 1.1910
4.0870 0.0166 2.0458 1.2075
4.0870 0.1378 2.0480 1.2040
4.0870 0.1378 2.0491 1.2041
4.0870 0.1378 2.0263 1.1876
4.0870 0.1378 2.0271 1.1874
4.0870 0.1378 2.0475 1.2042
4.0870 0.1378 2.0479 1.2049
4.0870 0.1378 2.0625 1.1932
4.0870 0.1378 2.0473 1.2066
4.0870 0.1378 2.0695 1.2226
4.0870 0.1378 2.0891 1.2389
4.0870 0.1378 2.0893 1.2394
4.0870 0.1378 2.1067 1.2250
4.0870 0.1378 2.1291 1.2401
4.0870 0.1378 2.1487 1.2551
4.0870 0.1378 2.1540 1.2481
4.0870 0.1378 2.1698 1.2337
4.0870 0.1378 2.1851 1.2191
4.0870 0.1378 2.1841 1.2207
4.0870 0.1378 2.1841 1.2207
4.0870 0.1378 2.1858 1.2203
4.0870 0.1378 2.1893 1.2196
4.0870 0.1378 2.1922 1.2190
4.0870 0.1378 2.2318 1.2161
4.0870 0.1378 2.2318 1.2161
4.0870 0.1378 2.2510 1.2293
4.0870 0.1378 2.2891 1.2252
4.0870 0.1378 2.2877 1.2256
4.0870 0.1378 2.3064 1.2068
4.0870 0.1378 2.3292 1.2178
4.0870 0.1378 2.3292 1.2178
4.0870 0.1378 2.3140 1.2342
4.0870 0.1378 2.3140 1.2342
4.0870 0.1378 2.3128 1.2345
4.0870 0.1378 2.3251 1.2252
4.0870 0.1378 2.3442 1.2068
4.0870 0.1378 2.3629 1.1883
4.0870 0.1378 2.3630 1.1882
4.0870 0.1378 2.3855 1.1991
4.0870 0.1378 2.4007 1.1814
4.0870 0.1378 2.3855 1.1992
4.0870 0.1378 2.3733 1.2092
4.0870 0.1378 2.3733 1.2092
4.0870 0.2365 2.3902 1.1895
4.0870 0.2365 2.4286 1.1813
4.0870 0.2365 2.4291 1.1820
4.0870 0.2365 2.4442 1.1635
4.0870 0.2365 2.4442 1.1635
4.0870 0.2365 2.4823 1.1528
4.0870 0.2185 2.4663 1.1729
4.0870 0.2185 2.4563 1.1801
4.0870 0.2185 2.4777 1.1895
4.0870 0.1333 2.4643 1.2090
4.0870 0.1333 2.4841 1.2193
4.0870 0.1333 2.4681 1.2390
4.0870 0.1333 2.4680 1.2389
4.0870 0.1333 2.4620 1.2329
4.0870 0.1333 2.4389 1.2241
4.0807 0.1333 2.4396 1.2238
4.0807 0.1333 2.4779 1.2142
4.0807 0.1333 2.4972 1.2235
4.0807 0.1333 2.5008 1.2219
4.0807 0.1333 2.5166 1.2025
4.0807 0.1333 2.5177 1.2021
4.0807 0.1333 2.5405 1.2092
4.0807 0.1333 2.5405 1.2092
4.0807 0.1333 2.5405 1.2092
4.0807 0.1333 2.5222 1.2306
4.0807 0.1333 2.5068 1.2496
4.0807 0.1333 2.5221 1.2307
4.0807 0.1333 2.5034 1.2524
4.0807 0.1333 2.5037 1.2527
4.0807 0.1333 2.5230 1.2614
4.0807 0.1333 2.5298 1.2679
4.0807 0.1333 2.5521 1.2751
4.0807 0.1333 2.5521 1.2751
4.0807 0.1333 2.5521 1.2751
4.0807 0.1333 2.5549 1.2739
4.0807 0.1333 2.5549 1.2739
4.0807 0.1333 2.5552 1.2742
4.0807 0.1333 2.5704 1.2554
4.0807 0.1333 2.5777 1.2618
4.0807 0.1333 2.5777 1.2618
4.0807 0.1333 2.5965 1.2406
4.0807 0.1333 2.5982 1.2397
4.0807 0.1333 2.6295 1.2528
4.0807 0.1333 2.6526 1.2579
4.0807 0.1333 2.6919 1.2400
4.0807 0.1333 2.6658 1.2388
4.0807 0.1333 2.6693 1.2367
4.0807 0.1333 2.6503 1.2594
4.0807 0.1333 2.6307 1.2524
4.0807 0.1333 2.6307 1.2524
4.0807 0.1333 2.6531 1.2579
4.0807 0.1333 2.6496 1.2618
4.0807 0.1333 2.6728 1.2665
4.0807 0.1333 2.6728 1.2665
4.0807 0.1333 2.6570 1.2868
4.0807 0.1333 2.6795 1.2917
4.0807 0.1333 2.6851 1.2822
4.0807 0.1333 2.6851 1.2822
4.0807 0.1333 2.6755 1.2696
4.0807 0.1333 2.6755 1.2696
4.0807 0.0951 2.6491 1.2953
4.0807 0.0951 2.6491 1.2954
4.0807 0.0951 2.6684 1.3016
4.0807 0.0951 2.6684 1.3016
4.0807 0.1333 2.6886 1.2770
4.0807 0.1333 2.6892 1.2766
4.0807 0.1333 2.6874 1.2779
4.0807 0.1333 2.6839 1.2800
4.0807 0.1333 2.7026 1.2577
4.0807 0.1333 2.7026 1.2577
4.0807 0.1333 2.7038 1.2568
4.0807 0.1333 2.7035 1.2564
4.0807 0.1333 2.6999 1.2586
4.0807 0.1333 2.7195 1.2645
4.0807 0.1333 2.7195 1.2645
4.0807 0.1333 2.7299 1.2553
4.0807 0.1333 2.7299 1.2553
4.0807 0.1333 2.7304 1.2549
4.0807 0.1333 2.7332 1.2531
4.0883 0.1333 2.7329 1.2537
4.0883 0.1333 2.7357 1.2520
4.0883 0.1333 2.7586 1.2553
4.0883 0.2038 2.7596 1.2531
4.0883 0.2038 2.7596 1.2531
4.0883 0.2038 2.7596 1.2531
4.0883 0.2038 2.7602 1.2528
4.0883 0.2038 2.8016 1.2602
4.0883 0.2038 2.8247 1.2621
4.0883 0.2038 2.8247 1.2621
4.0883 0.2038 2.8480 1.2634
4.0883 0.2038 2.8612 1.2588
4.0883 0.2038 2.8612 1.2588
4.1013 0.2038 2.8614 1.2590
4.1013 0.2038 2.8848 1.2601
4.1013 0.2185 2.9228 1.2357
4.1013 0.2185 2.9263 1.2328
4.1013 0.2049 2.9102 1.2575
4.1013 0.2049 2.9483 1.2334
4.1013 0.2049 2.9303 1.2594
4.1013 0.2049 2.9303 1.2594
4.1013 0.2049 2.9502 1.2620
4.1013 0.2049 2.9502 1.2620
4.1013 0.2049 2.9466 1.2648
4.1013 0.2049 2.9671 1.2664
4.1013 0.2185 3.0058 1.2402
4.1013 0.2185 3.0277 1.2385
4.1013 0.2185 3.0277 1.2385
4.1013 0.2185 3.0277 1.2385
4.1013 0.2185 3.0277 1.2385
4.1013 0.2185 3.0473 1.2393
4.1013 0.2049 3.0317 1.2649
4.1013 0.2049 3.0318 1.2649
4.1013 0.2049 3.0616 1.2545
4.1013 0.2049 3.0847 1.2516
4.3173 0.2049 3.0872 1.2538
4.3173 0.2049 3.1253 1.2241
4.3173 0.2049 3.1216 1.2220
4.3173 0.2049 3.1252 1.2185
4.3173 0.2049 3.1632 1.1867
4.3173 0.2049 3.1333 1.2011
4.3173 0.2049 3.1545 1.1804
4.3173 0.2049 3.1876 1.1594
4.3173 0.2049 3.1885 1.1601
4.1902 0.2049 3.1651 1.1606
4.1902 0.2049 3.1654 1.1608
4.1902 0.2049 3.1692 1.1631
4.1902 0.2049 3.1880 1.1611
4.1902 0.2049 3.1880 1.1611
4.1902 0.2049 3.1692 1.1930
4.1902 0.2049 3.1692 1.1930
4.1902 0.2049 3.1987 1.1792
4.1902 0.2049 3.1990 1.1794
4.1902 0.2049 3.1802 1.2110
4.1902 0.2049 3.1805 1.2112
4.1902 0.2049 3.2036 1.2059
4.1902 0.2049 3.1653 1.2383
4.1902 0.2049 3.1653 1.2383
4.1902 0.2049 3.1846 1.2368
4.1902 0.2049 3.1846 1.2368
4.1902 0.2049 3.2034 1.2058
4.1902 0.2049 3.2041 1.2060
4.1902 0.2049 3.2041 1.2060
4.1902 0.2049 3.2236 1.2040
4.1902 0.2049 3.2619 1.1681
4.1902 0.2049 3.2514 1.1830
4.1902 0.2049 3.2517 1.1832
4.1902 0.2049 3.2517 1.1832
4.1902 0.2049 3.2865 1.1530
4.1902 0.2049 3.3251 1.1143
4.1902 0.2049 3.3551 1.0933
4.1902 0.2049 3.3554 1.0934
4.1902 0.2049 3.3554 1.0934
4.1902 0.2049 3.3747 1.0884
4.1902 0.2049 3.3747 1.0884
4.1902 0.2049 3.3747 1.0884
4.1902 0.2049 3.3755 1.0888
4.1902 0.2049 3.3755 1.0888
4.1902 0.2049 3.3951 1.0836
4.1902 0.2049 3.4179 1.0729
4.1902 0.2049 3.4179 1.0729
4.1902 0.2049 3.4367 1.0327
4.1902 0.2049 3.4372 1.0331
4.1902 0.2049 3.4464 1.0346
4.1902 0.2049 3.4575 1.0366
4.1902 0.2049 3.4575 1.0366
4.1902 0.2049 3.4996 1.0159
4.1902 0.2049 3.4613 1.0648
4.1902 0.2049 3.4615 1.0649
4.1902 0.1379 3.4605 1.0679
4.1902 0.1379 3.4603 1.0678
4.1902 0.1379 3.4603 1.0678
4.1902 0.1379 3.4606 1.0669
4.1902 0.1379 3.4606 1.0669
4.1902 0.1379 3.4991 1.0181
4.1902 0.1379 3.4992 1.0182
4.1902 0.1379 3.5375 0.9655
4.2956 0.1379 3.5400 0.9671
4.2956 0.2370 3.5797 0.9062
4.2956 0.2370 3.5797 0.9062
4.2956 0.2370 3.5797 0.9062
4.2956 0.2370 3.5797 0.9062
4.2956 0.2370 3.5797 0.9062
4.2956 0.9188 3.5865 0.8833
4.2956 0.9188 3.5669 0.8939
4.2956 0.9188 3.5862 0.8831
4.2956 0.9188 3.6058 0.8719
4.2956 0.9188 3.6253 0.8600
4.2956 0.9188 3.6259 0.8603
4.2956 0.9188 3.6259 0.8603
4.2956 0.9188 3.6262 0.8605
4.2956 0.9188 3.6354 0.8603
4.2956 0.9188 3.6358 0.8605
4.2956 0.9188 3.6364 0.8608
4.2956 0.9188 3.6366 0.8610
4.2956 0.9188 3.6366 0.8610
4.2956 0.9188 3.6366 0.8610
4.2956 0.9188 3.6366 0.8610
4.2956 0.9188 3.6366 0.8610
4.2956 0.9188 3.6366 0.8610
4.2956 0.9188 3.6562 0.8483
4.2956 0.9188 3.6570 0.8486
4.2956 0.9188 3.6570 0.8486
4.2956 0.9188 3.6793 0.8290
4.2956 0.9188 3.6793 0.8290
4.2956 0.9188 3.6990 0.8149
4.2956 0.9188 3.6695 0.8549
4.2956 0.9188 3.6695 0.8549
4.2956 0.9188 3.6696 0.8549
4.2956 0.9188 3.6699 0.8551
4.2956 0.9188 3.6895 0.8415
4.2956 0.2370 3.6707 0.8956
4.2956 0.2370 3.6710 0.8958
4.2956 0.2370 3.6710 0.8958
4.2956 0.2370 3.6710 0.8958
4.2956 0.2370 3.6710 0.8958
4.2956 0.2370 3.6718 0.8961
4.2956 0.2370 3.6718 0.8961
4.2956 0.2370 3.6530 0.9467
4.2956 0.2370 3.6530 0.9467
4.2956 0.2370 3.6531 0.9468
4.2956 0.2370 3.6531 0.9468
4.2956 0.2370 3.6532 0.9468
4.2956 0.2370 3.6538 0.9471
4.2956 0.2370 3.6538 0.9471
4.2956 0.2370 3.6538 0.9471
4.2956 0.2370 3.6541 0.9472
4.2956 0.2370 3.6541 0.9472
4.2956 0.2370 3.6542 0.9473
4.2956 0.2370 3.6545 0.9474
4.2956 0.2370 3.6549 0.9476
4.2956 0.2370 3.6742 0.9356
4.2956 0.2370 3.6744 0.9357
4.2956 0.2370 3.6442 0.9695
4.2956 0.2370 3.6446 0.9696
4.2956 0.2370 3.6446 0.9696
4.2956 0.2370 3.6453 0.9699
4.2956 0.2370 3.6454 0.9700
4.2956 0.2370 3.6460 0.9702
4.2956 0.2370 3.6460 0.9702
4.2956 0.2370 3.6464 0.9704
4.2956 0.2370 3.6464 0.9704
4.2956 0.2370 3.6570 0.9695
4.2956 0.2370 3.6304 0.9941
4.2956 0.2370 3.6497 0.9832
4.2956 0.2370 3.6601 0.9612
4.2956 0.2370 3.6601 0.9612
4.2956 0.2370 3.6601 0.9612
4.2956 0.2370 3.6601 0.9612
4.2956 0.2370 3.6917 0.9217
4.2956 0.2370 3.6923 0.9220
4.2956 0.2370 3.6935 0.9225
4.2956 0.2370 3.6938 0.9227
4.2956 0.2370 3.7136 0.9097
4.2956 0.2370 3.7136 0.9097
4.2956 0.2370 3.7136 0.9097
4.2956 0.2370 3.7136 0.9097
4.2956 0.2370 3.7136 0.9097
4.2956 0.2370 3.7137 0.9098
4.2956 0.2370 3.6920 0.9272
4.2956 0.2370 3.7154 0.9075
4.2956 0.2370 3.7155 0.9075
4.2956 0.2370 3.7158 0.9076
4.2956 0.2370 3.7162 0.9078
4.2956 0.2370 3.7162 0.9078
4.2956 0.2370 3.7162 0.9078
4.2956 0.2370 3.7162 0.9078
4.2956 0.2370 3.7162 0.9078
4.2956 0.2370 3.7162 0.9078
4.2956 0.2370 3.7162 0.9078
4.2956 0.2370 3.7167 0.9080
4.2956 0.2370 3.7168 0.9080
4.2956 0.2370 3.7168 0.9080
4.2956 0.2370 3.7170 0.9081
4.2956 0.2370 3.7171 0.9082
4.2956 0.2370 3.7175 0.9083
4.2956 0.2370 3.7374 0.8947
4.2956 0.2370 3.7374 0.8947
4.2956 0.2370 3.7378 0.8948
4.2956 0.2370 3.7378 0.8948
4.2956 0.2370 3.7389 0.8953
4.2956 0.2370 3.7389 0.8953
4.2956 0.2370 3.7389 0.8953
4.2956 0.2370 3.7389 0.8953
4.2956 0.2370 3.7398 0.8957
4.2956 0.2370 3.7399 0.8958
4.2956 0.2370 3.7402 0.8959
4.2956 0.2370 3.7402 0.8959
4.2956 0.2370 3.7701 0.8557
4.2956 0.2370 3.7744 0.8578
4.2956 0.2370 3.7657 0.8592
4.2956 0.2370 3.7658 0.8593
4.2956 0.2370 3.7278 0.9277
4.2956 0.2370 3.6895 0.9897
4.2956 0.2370 3.7091 0.9777
4.2956 0.2370 3.7317 0.9598
4.2956 0.2370 3.7550 0.9423
4.2956 0.2370 3.7551 0.9423
4.2956 0.2370 3.7551 0.9423
4.2956 0.2370 3.7551 0.9423
4.2956 0.2370 3.7254 0.9787
4.2956 0.2370 3.7640 0.9144
4.2956 0.2370 3.7640 0.9144
4.2956 0.2370 3.7640 0.9144
4.2956 0.2370 3.7642 0.9145
4.2956 0.2370 3.7646 0.9146
4.2956 0.2370 3.7646 0.9146
4.2956 0.2370 3.7646 0.9146
4.2956 0.2370 3.7646 0.9146
4.2956 0.2370 3.7646 0.9146
4.2956 0.2370 3.7889 0.8930
4.2956 0.2370 3.7894 0.8932
4.2956 0.2370 3.7906 0.8936
4.2956 0.2370 3.7906 0.8936
4.2956 0.2370 3.7908 0.8937
4.2956 0.2370 3.7911 0.8938
4.2956 0.2370 3.7913 0.8939
4.2956 0.2370 3.7915 0.8940
4.2956 0.2370 3.7915 0.8940
4.2956 0.2370 3.7915 0.8940
4.2956 0.2370 3.7910 0.8938
4.2956 0.2370 3.7910 0.8938
4.2956 0.2370 3.7910 0.8938
4.2956 0.2370 3.7913 0.8940
4.2956 0.2370 3.7913 0.8940
4.2956 0.2370 3.7917 0.8941
4.2956 0.2370 3.7922 0.8943
4.2956 0.2370 3.8222 0.8521
4.2956 0.2370 3.8230 0.8523
4.2956 0.2370 3.8231 0.8523
4.2956 0.2157 3.8109 0.8932
4.2956 0.2157 3.8106 0.8931
4.2956 0.2157 3.8106 0.8931
4.2956 0.2157 3.8106 0.8931
4.2956 0.2157 3.8105 0.8933
4.2956 0.2157 3.8300 0.8772
4.2956 0.2157 3.8297 0.8771
4.2956 0.2157 3.8297 0.8771
4.2956 0.2157 3.8305 0.8774
4.2956 0.2157 3.8262 0.8772
4.2956 0.2157 3.8264 0.8773
4.2956 0.2157 3.8264 0.8773
4.2956 0.2157 3.8268 0.8774
4.2956 0.2157 3.8273 0.8776
4.2956 0.2157 3.8273 0.8776
4.2956 0.2157 3.8273 0.8776
4.2956 0.2157 3.8276 0.8777
4.2956 0.2157 3.8483 0.8613
4.2956 0.2157 3.8488 0.8614
4.2956 0.2157 3.8713 0.8385
4.2956 0.2157 3.8624 0.8405
4.2956 0.2157 3.8624 0.8405
4.2956 0.2157 3.8631 0.8408
4.2956 0.2157 3.8631 0.8408
4.2956 0.2157 3.8734 0.8388
4.2956 0.2157 3.8734 0.8388
4.2956 0.2157 3.8744 0.8392
4.2956 0.2157 3.8744 0.8392
4.2956 0.2157 3.8358 0.9135
4.2956 0.2157 3.8360 0.9136
4.2956 0.2157 3.8360 0.9136
4.2956 0.2157 3.8362 0.9136
4.2956 0.2157 3.8362 0.9136
4.2956 0.2157 3.8746 0.8392
4.2956 0.2157 3.8661 0.8414
4.2956 0.2157 3.8661 0.8414
4.2956 0.2157 3.8661 0.8414
4.2956 0.2157 3.8661 0.8414
4.2956 0.2157 3.8665 0.8415
4.2956 0.2157 3.8709 0.8415
4.2956 0.2157 3.8412 0.8859
4.2956 0.2157 3.8416 0.8860
4.2956 0.2157 3.8417 0.8860
4.2956 0.2157 3.8415 0.8860
4.2956 0.2157 3.8415 0.8860
4.2956 0.2157 3.8415 0.8860
4.2956 0.2157 3.8411 0.8859
4.2956 0.2157 3.8410 0.8859
4.2956 0.2157 3.8418 0.8861
4.2956 0.2157 3.8421 0.8861
4.2956 0.2157 3.8421 0.8861
4.2956 0.2157 3.8433 0.8866
4.2956 0.2157 3.8435 0.8866
4.2956 0.2157 3.8451 0.8871
4.2956 0.2157 3.8455 0.8872
4.2956 0.2157 3.8455 0.8872
4.2956 0.2157 3.8469 0.8877
4.2956 0.2157 3.8471 0.8878
4.2956 0.2157 3.8476 0.8879
4.2956 0.2157 3.8481 0.8880
4.2956 0.2157 3.8489 0.8882
4.2956 0.2157 3.8487 0.8882
4.2956 0.2157 3.8100 0.9577
4.2956 0.2157 3.8100 0.9577
4.2956 0.2157 3.8101 0.9577
4.2956 0.2157 3.8101 0.9577
4.2956 0.2157 3.8102 0.9577
4.2956 0.2157 3.8102 0.9577
4.2956 0.2157 3.8104 0.9578
4.2956 0.2157 3.8104 0.9578
4.2956 0.2157 3.7800 0.9950
4.2956 0.2157 3.7802 0.9951
4.2956 0.2157 3.7796 0.9948
4.2956 0.2157 3.7796 0.9948
4.2956 0.2157 3.8184 0.9296
4.2956 0.2157 3.8184 0.9296
4.2956 0.2157 3.8568 0.8573
4.2956 0.2157 3.8269 0.9004
4.2956 0.2157 3.7893 0.9646
4.2956 0.2157 3.8129 0.9433
4.2956 0.2157 3.8143 0.9438
4.2956 0.2157 3.8149 0.9440
4.2956 0.2157 3.8161 0.9444
4.2956 0.2157 3.8162 0.9445
4.2956 0.2157 3.8165 0.9446
4.2956 0.2157 3.8165 0.9446
4.4000 0.2157 3.8195 0.9459
4.4000 0.2157 3.8284 0.9445
4.4000 0.2157 3.8284 0.9445
4.4000 0.2157 3.8288 0.9446
4.4000 0.2157 3.8382 0.9432
4.4000 0.2157 3.8382 0.9432
4.4000 0.2157 3.8382 0.9432
4.4000 0.2157 3.8382 0.9432
4.4000 0.2157 3.8380 0.9431
4.4000 0.2157 3.8390 0.9435
4.4000 0.2370 3.8769 0.8705
4.4000 0.2370 3.8775 0.8707
4.4000 0.2370 3.8778 0.8707
4.4000 0.2370 3.8786 0.8711
4.4000 0.2370 3.8771 0.8707
4.4000 0.2370 3.8777 0.8708
4.4000 0.2370 3.8550 0.8939
4.4000 0.2370 3.8560 0.8943
4.4000 0.2370 3.8799 0.8715
4.4000 0.2370 3.8804 0.8716
4.4000 0.2370 3.8804 0.8716
4.4000 0.2370 3.8808 0.8717
4.4000 0.2370 3.8804 0.8716
4.4000 0.2370 3.8804 0.8716
4.4000 0.2370 3.8809 0.8718
4.4000 0.2370 3.9182 0.7958
4.4000 0.2370 3.9184 0.7958
4.4000 0.2370 3.9193 0.7961
4.4000 0.2370 3.9193 0.7961
4.4000 0.2370 3.9496 0.7434
4.4000 0.2370 3.9496 0.7434
4.4000 0.2370 3.9496 0.7434
4.4000 0.2370 3.9697 0.7203
4.4000 0.2370 3.9702 0.7204
4.4000 0.2370 3.9704 0.7204
4.4000 0.2370 3.9718 0.7207
4.4000 0.2370 3.9718 0.7207
4.4000 0.2370 3.9718 0.7207
4.4000 0.2370 4.0018 0.6596
4.4000 0.2370 4.0018 0.6596
4.4000 0.2370 4.0018 0.6596
4.4000 0.2370 4.0032 0.6599
4.4000 0.2370 4.0032 0.6599
4.4000 0.2370 4.0032 0.6599
4.4000 0.2370 4.0032 0.6599
4.4000 0.2370 4.0032 0.6599
4.4000 0.2370 4.0053 0.6605
4.4000 0.2370 4.0052 0.6605
4.4000 0.2370 4.0064 0.6608
4.4000 0.2370 4.0064 0.6608
