0.4932 0.0004 0.0413 0.0529
1.4335 0.0015 0.1134 0.2098
1.5115 0.0004 0.4883 0.4160
1.7112 0.0400 0.7926 0.3947
1.7112 0.2350 0.9707 0.3551
1.9166 0.3296 1.0951 0.3228
1.9166 0.2261 1.1954 0.3142
2.2120 0.4066 1.2950 0.3148
2.3346 0.0400 1.3224 0.3740
2.4490 0.4633 1.4277 0.4010
2.8511 0.0400 1.4749 0.4929
2.8511 0.1227 1.5981 0.4561
2.8511 0.4771 1.7055 0.5245
2.8993 0.4610 1.7958 0.5417
2.9909 0.0990 1.9235 0.6063
2.9909 0.4215 2.0151 0.5306
2.9909 0.1721 2.1112 0.5521
2.9909 1.1096 2.1577 0.4593
3.3038 0.0400 2.1636 0.6255
3.3038 0.0400 2.2496 0.6148
3.3038 0.0990 2.1867 0.6457
3.3038 0.0990 2.3187 0.6047
3.3038 0.4135 2.4801 0.5186
3.3038 1.2519 2.5447 0.5281
3.3038 0.9913 2.5376 0.4902
3.3376 0.2705 2.4898 0.6536
3.3376 0.0400 2.5265 0.6879
3.3376 0.2784 2.5975 0.5728
3.3483 1.0359 2.5810 0.5165
3.3483 1.0432 2.6358 0.5088
3.3483 0.2351 2.6730 0.6111
3.3483 0.0400 2.6890 0.5877
3.3483 0.0400 2.7069 0.5886
3.3893 0.0400 2.7470 0.5204
3.3893 0.0400 2.7276 0.5540
3.3893 0.3605 2.7858 0.5027
3.3893 0.2670 2.8457 0.4177
3.3893 1.0201 2.8354 0.3868
3.3893 0.2705 2.8544 0.4074
3.3893 0.4225 2.7938 0.4744
3.4323 1.0201 2.7811 0.4465
3.4323 0.2705 2.7398 0.5438
3.4323 1.0201 2.7475 0.4574
3.4323 0.2467 2.7447 0.5813
3.4323 0.2820 2.7738 0.5051
3.4323 1.3789 2.7958 0.4854
3.4323 0.2333 2.7149 0.7083
3.4323 0.3112 2.8614 0.5589
3.4323 1.0725 2.9057 0.4273
3.4323 0.0400 2.8330 0.5786
3.4323 0.6669 2.8671 0.5779
3.4323 0.4443 2.9470 0.5809
3.4323 0.4443 3.0501 0.5252
3.4323 0.1052 2.9708 0.7989
3.4323 0.0400 3.0999 0.6467
3.4323 1.0590 3.1429 0.4947
3.4323 1.9061 3.1952 0.3541
3.4323 1.2834 3.1733 0.4188
3.4323 1.0590 3.1609 0.4776
3.5757 0.4207 3.1356 0.5956
3.5757 0.0400 3.1660 0.6097
3.5757 0.0400 3.1623 0.5703
3.5757 2.0166 3.2681 0.2498
3.5757 2.1057 3.2795 0.2413
3.5757 0.0515 3.2201 0.5147
3.5757 0.0400 3.2946 0.3792
3.5757 0.4207 3.2452 0.4632
3.5757 0.7453 3.2841 0.3715
3.5757 0.0400 3.1819 0.6040
3.5757 1.0590 3.2048 0.5161
3.5757 1.0590 3.2507 0.4056
3.5757 0.0400 3.2399 0.5230
3.5757 1.0590 3.2274 0.4366
3.5757 0.0400 3.1816 0.5761
3.5757 0.0400 3.2549 0.5006
3.5757 1.9533 3.3578 0.2524
3.5757 2.5177 3.3687 0.2113
3.5757 2.2997 3.3398 0.2595
3.5757 2.8675 3.3747 0.1868
3.5757 0.0400 3.2217 0.7274
3.5757 1.0631 3.3586 0.3023
3.5757 1.6843 3.3885 0.2330
3.5757 2.8675 3.3870 0.1922
3.5757 2.2997 3.3791 0.2015
3.5757 1.0631 3.3517 0.3128
3.5757 0.0400 3.2804 0.4787
3.5757 1.5081 3.2839 0.3655
3.5757 1.6843 3.2866 0.4012
3.5757 0.0400 3.2549 0.5294
3.5757 0.0400 3.2146 0.6727
3.5757 0.0400 3.3246 0.4757
3.5757 0.3910 3.3636 0.4292
3.5757 0.0400 3.3046 0.5831
3.5757 0.3403 3.3129 0.5399
3.5757 0.0400 3.3893 0.4133
3.5757 1.0590 3.4147 0.3113
3.5757 3.0600 3.4690 0.1159
3.5757 1.5923 3.4281 0.2456
3.5757 1.6843 3.4069 0.2779
3.5757 0.4018 3.3934 0.3759
