3.0566 0.0093 0.3934 0.6438
3.2502 0.0094 1.1399 1.0948
3.2822 0.2075 2.2084 0.7964
3.2822 0.0881 2.3773 0.7407
3.2928 0.4276 2.6824 0.5576
3.3148 0.0881 2.8016 0.5714
3.3148 1.3262 2.8677 0.4791
3.3603 1.8667 3.0165 0.3175
3.3603 1.3287 2.9915 0.3499
3.3744 1.9554 3.0476 0.2703
3.3744 2.0411 3.0941 0.2133
3.3744 0.0641 3.0177 0.4932
3.3744 1.7851 3.0770 0.2661
3.3826 0.2075 2.9795 0.4459
3.3826 0.2075 2.9871 0.5047
3.3826 2.0411 3.0243 0.3238
3.3826 1.3741 3.0297 0.3805
3.3826 0.2075 3.0466 0.4106
3.3826 1.9402 3.0890 0.3385
3.3826 0.2075 3.0584 0.4687
3.3826 0.5793 3.0791 0.3915
3.3826 0.3336 3.1059 0.3893
3.3826 0.0140 2.9907 0.6370
3.3826 0.2044 3.0904 0.3761
3.3826 0.2075 3.0668 0.4718
3.3826 0.2075 3.0935 0.4518
3.3826 1.9740 3.1343 0.2417
3.3826 1.9740 3.1006 0.2581
3.3826 2.3749 3.1157 0.2496
3.3826 2.3749 3.1402 0.2810
3.3826 0.0141 3.0327 0.6207
3.3826 2.3632 3.2035 0.1812
3.3826 2.3512 3.2020 0.1733
3.3826 1.6516 3.1611 0.2430
3.3826 2.5420 3.1990 0.1394
3.3826 2.3345 3.1958 0.1601
3.3826 0.2075 3.1511 0.3424
3.3826 1.4725 3.1706 0.2301
3.3826 2.6688 3.1956 0.1180
3.3826 0.2075 3.1383 0.4311
3.3826 0.2075 3.1484 0.4331
3.3826 3.0282 3.2124 0.1081
3.3826 0.2075 3.1154 0.4548
3.3826 1.4929 3.1702 0.1997
3.3826 3.0024 3.2019 0.1022
3.3826 3.0093 3.1900 0.1026
3.3826 1.4725 3.1885 0.1991
3.3826 1.5878 3.2001 0.1867
3.3826 2.6748 3.2118 0.1205
3.3826 2.6850 3.2241 0.1098
3.3826 0.0094 3.1343 0.5564
3.3826 3.0024 3.2325 0.0901
3.3826 3.0024 3.2228 0.0943
3.3826 1.4594 3.1947 0.2619
3.3826 3.0024 3.2208 0.0979
3.3826 3.0127 3.2290 0.0900
3.3826 2.9971 3.2191 0.0915
3.3826 2.8553 3.2069 0.0980
3.3826 0.2075 3.1425 0.4376
3.3826 2.3591 3.2099 0.1449
3.3826 2.5572 3.2173 0.1186
3.3826 2.8553 3.2201 0.1066
3.3826 0.2075 3.1953 0.3157
3.3826 2.8553 3.2117 0.1141
3.3826 3.0024 3.2114 0.1022
3.3826 3.0084 3.2123 0.1034
3.3826 0.2075 3.1442 0.3685
3.3826 1.3185 3.1879 0.2173
3.3826 3.0084 3.2128 0.1074
3.3826 2.9753 3.2114 0.1070
3.3826 3.0080 3.2211 0.0992
3.3826 2.9106 3.2236 0.1036
3.3826 2.9003 3.2162 0.1091
3.3826 2.8772 3.2080 0.1075
3.3826 0.2075 3.1666 0.3319
3.3826 2.6533 3.2057 0.1288
3.3826 0.2147 3.1668 0.3719
3.3826 1.3741 3.2042 0.2110
3.3826 1.3741 3.1190 0.4097
3.3826 0.2274 3.1318 0.4159
3.3826 1.5040 3.1928 0.2005
3.3826 2.6982 3.2209 0.1128
3.3826 2.9984 3.2212 0.0994
3.3826 2.9984 3.2251 0.0939
3.3826 2.3632 3.1967 0.1430
3.3826 2.2509 3.2079 0.1655
3.3826 2.2509 3.2002 0.1863
3.3826 2.1061 3.1779 0.2174
3.3826 1.3521 3.1786 0.2957
3.3826 2.1061 3.2083 0.2059
3.3826 2.1061 3.1895 0.2184
3.3826 1.4725 3.1964 0.2576
3.3826 1.4929 3.2010 0.2039
3.3826 0.0141 3.1763 0.3610
3.3826 2.5868 3.2125 0.1265
3.3826 2.6533 3.2281 0.1131
3.3826 0.0141 3.1097 0.5801
3.3826 1.4400 3.2184 0.2130
3.3826 2.2576 3.2152 0.1631
3.3826 2.6982 3.2150 0.1267
