1.4105 0.0077 0.1856 0.2682
1.6839 0.0574 0.4685 0.4813
1.7732 0.0189 0.7669 0.5247
1.7758 0.0838 1.0141 0.4602
1.7758 0.0754 1.1163 0.4444
1.7758 0.0767 1.1174 0.4975
1.7768 0.0778 1.2111 0.4676
1.7768 0.0778 1.1287 0.5223
1.7768 0.0750 1.1751 0.4834
1.7768 0.0628 1.2606 0.4301
1.7768 0.0767 1.2725 0.4755
1.7768 0.0707 1.3703 0.3576
1.7800 0.0634 1.3760 0.4131
1.7800 0.0702 1.3742 0.4091
1.7800 0.0767 1.3605 0.3875
1.7800 0.0876 1.3991 0.3078
1.7800 0.0802 1.3407 0.4153
1.7871 0.0903 1.3767 0.2938
1.7871 0.0810 1.3945 0.3644
1.7871 0.0961 1.4490 0.2706
1.7871 0.0805 1.4244 0.3250
1.7871 0.0817 1.3524 0.4133
1.7871 0.0628 1.4023 0.3885
1.7871 0.0903 1.4740 0.3189
1.7871 0.0767 1.3916 0.4021
1.7871 0.0776 1.3498 0.4272
1.7871 0.0770 1.4421 0.3142
1.7871 0.0778 1.4996 0.2208
1.7871 0.0722 1.4816 0.2680
1.7871 0.0722 1.4375 0.3292
1.7871 0.0855 1.4071 0.3278
1.7871 0.1058 1.4603 0.3050
1.7871 0.0901 1.4863 0.3082
1.7871 0.1643 1.5175 0.2511
1.7871 0.9320 1.5351 0.2186
1.7871 0.9320 1.5521 0.1978
1.7871 0.0921 1.5065 0.2731
1.7871 0.0903 1.5376 0.2308
1.7871 0.9320 1.5869 0.1854
1.7871 0.0921 1.5652 0.2828
1.7871 0.0906 1.5450 0.2806
1.7871 0.0903 1.5835 0.2338
1.7871 0.0903 1.5520 0.2771
1.7871 0.1036 1.5506 0.2391
1.7871 0.0722 1.5184 0.3111
1.7871 0.0722 1.5336 0.3238
1.7871 0.0778 1.4716 0.4233
1.7871 0.0802 1.5283 0.3476
1.7871 0.0903 1.5217 0.3419
1.7871 0.0776 1.4892 0.4000
1.7871 0.0903 1.4648 0.3511
1.7871 0.0903 1.4945 0.3473
1.7871 0.0805 1.4894 0.3713
1.7871 0.0802 1.4498 0.4060
1.7871 0.0810 1.4735 0.3989
1.7871 0.0802 1.4482 0.3932
1.7871 0.5576 1.5307 0.2338
1.7871 0.0835 1.4485 0.4534
1.7871 0.0876 1.4980 0.4319
1.7871 0.0903 1.5183 0.3764
1.7871 0.0903 1.5887 0.2370
1.7871 0.9524 1.6291 0.1709
1.7871 0.0831 1.6135 0.2639
1.7871 0.0922 1.6325 0.2117
1.7871 0.0840 1.5914 0.2840
1.7871 0.0645 1.5852 0.3206
1.7871 0.9158 1.6391 0.1764
1.7871 0.0903 1.6128 0.2741
1.7871 0.0903 1.5976 0.2784
1.7871 0.1552 1.6364 0.1933
1.7871 0.0903 1.6305 0.2293
1.7871 0.8850 1.6276 0.1835
1.7871 0.0839 1.6306 0.2376
1.7871 0.0903 1.5948 0.2865
1.7871 0.0990 1.6178 0.2344
1.7871 0.1077 1.6033 0.2466
1.7871 0.0903 1.5856 0.2676
1.7871 0.0833 1.4658 0.4577
1.7871 0.0835 1.4807 0.3637
1.7871 0.0903 1.5474 0.3117
1.7871 0.0833 1.5176 0.4099
1.7871 0.0919 1.5875 0.2885
1.7871 0.0849 1.5176 0.4187
1.7871 0.0903 1.5912 0.2853
1.7871 0.0835 1.5713 0.3256
1.7871 0.0825 1.6165 0.2466
1.7871 0.6869 1.6317 0.1865
1.7871 0.8828 1.6197 0.2018
1.7871 0.0831 1.5796 0.3414
1.7871 0.1077 1.6283 0.2059
1.7871 0.0920 1.6181 0.3042
1.7871 0.0825 1.6166 0.2936
1.7871 0.0722 1.5710 0.3643
1.7871 0.9126 1.6559 0.1748
1.7871 0.0868 1.6398 0.2730
1.7871 0.7667 1.6675 0.1814
1.7871 0.0903 1.6625 0.2551
1.7871 0.0825 1.6799 0.2605
1.7871 0.1077 1.6853 0.1921
1.7871 0.1075 1.6711 0.2267
