0.3111 0.0071 0.0932 0.0829
0.3413 0.0071 0.0985 0.0894
0.3413 0.0071 0.1008 0.0900
0.3413 0.0071 0.1021 0.0896
0.3413 0.0071 0.1031 0.0905
0.3516 0.0071 0.1065 0.0934
0.3516 0.0071 0.1066 0.0934
0.3516 0.0071 0.1073 0.0939
0.3516 0.0071 0.1086 0.0934
0.3516 0.0071 0.1095 0.0942
0.3516 0.0071 0.1105 0.0950
0.3516 0.0071 0.1128 0.0953
0.3516 0.0071 0.1158 0.0967
0.3516 0.0071 0.1181 0.0969
0.3516 0.0071 0.1193 0.0964
0.3516 0.0071 0.1216 0.0965
0.3516 0.0071 0.1226 0.0971
0.3516 0.0071 0.1238 0.0965
0.3516 0.0071 0.1252 0.0959
0.3516 0.0071 0.1266 0.0952
0.3516 0.0071 0.1266 0.0952
0.3516 0.0071 0.1276 0.0958
0.3516 0.0071 0.1297 0.0958
0.3516 0.0071 0.1297 0.0958
0.3516 0.0071 0.1297 0.0958
0.3516 0.0071 0.1297 0.0958
0.3516 0.0071 0.1300 0.0952
0.3516 0.0071 0.1300 0.0952
0.3516 0.0071 0.1310 0.0958
0.3516 0.0071 0.1335 0.0943
0.3516 0.0071 0.1358 0.0940
0.3516 0.0071 0.1371 0.0931
0.3413 0.0071 0.1359 0.0912
0.3413 0.0071 0.1359 0.0912
0.3413 0.0071 0.1382 0.0908
0.3413 0.0071 0.1391 0.0914
0.3413 0.0071 0.1392 0.0885
0.3413 0.0071 0.1402 0.0890
0.3413 0.0071 0.1412 0.0895
0.3413 0.0071 0.1424 0.0886
0.3413 0.0071 0.1447 0.0881
1.4394 0.0071 0.1698 0.2014
1.4394 0.0071 0.1710 0.2008
1.4394 0.0071 0.1721 0.2009
1.4394 0.0071 0.1721 0.2009
1.4394 0.0071 0.1720 0.2008
1.4394 0.0071 0.1720 0.2008
1.4394 0.0071 0.1743 0.2003
1.4394 0.0071 0.1755 0.1996
1.4394 0.0071 0.1756 0.1996
1.4394 0.0071 0.1766 0.1997
1.4394 0.0071 0.1779 0.1998
1.4394 0.0071 0.1779 0.1998
1.4394 0.0071 0.1779 0.1998
1.4394 0.0071 0.1791 0.1992
1.4394 0.0071 0.1801 0.1992
1.4394 0.0071 0.1824 0.1985
1.4394 0.0071 0.1824 0.1985
1.4394 0.0100 0.1847 0.1978
1.4394 0.0100 0.1847 0.1978
1.4394 0.0100 0.1845 0.1979
1.4394 0.0100 0.1857 0.1972
1.5160 0.0100 0.1992 0.2416
1.5160 0.0100 0.2038 0.2401
1.5160 0.0100 0.2038 0.2401
1.5160 0.0100 0.2040 0.2401
1.5160 0.0100 0.2054 0.2401
1.5160 0.0100 0.2044 0.2402
1.5160 0.0100 0.2116 0.2463
1.5160 0.0100 0.2116 0.2463
1.5160 0.0100 0.2117 0.2463
1.5160 0.0100 0.2129 0.2456
1.5160 0.0100 0.2142 0.2448
1.5160 0.0100 0.2155 0.2441
1.5160 0.0100 0.2145 0.2442
1.5160 0.0100 0.2161 0.2434
1.5160 0.0100 0.2161 0.2434
1.5160 0.0100 0.2171 0.2433
1.5160 0.0100 0.2161 0.2434
1.5160 0.0100 0.2161 0.2434
1.5160 0.0100 0.2161 0.2434
1.5160 0.0100 0.2174 0.2427
1.5160 0.0100 0.2184 0.2425
1.5160 0.0100 0.2184 0.2425
1.5160 0.0100 0.2194 0.2424
1.5160 0.0100 0.2194 0.2424
1.5160 0.0100 0.2194 0.2424
1.5160 0.0100 0.2207 0.2423
1.5160 0.0100 0.2335 0.2778
1.5160 0.0100 0.2335 0.2778
1.5160 0.0100 0.2347 0.2776
1.5160 0.0100 0.2357 0.2774
1.5160 0.0100 0.2357 0.2774
1.5160 0.0100 0.2358 0.2774
1.5160 0.0100 0.2368 0.2772
1.5160 0.0100 0.2378 0.2770
1.5160 0.0100 0.2378 0.2770
1.5160 0.0100 0.2388 0.2769
1.5160 0.0100 0.2388 0.2769
1.5160 0.0100 0.2389 0.2769
1.5160 0.0100 0.2440 0.2760
1.5160 0.0100 0.2459 0.2768
1.5160 0.0100 0.2459 0.2768
1.5160 0.0100 0.2576 0.2957
1.5160 0.0100 0.2589 0.2949
1.5160 0.0100 0.2589 0.2949
1.5160 0.0100 0.2602 0.2941
1.5160 0.0100 0.2630 0.2929
1.5160 0.0100 0.2656 0.2913
1.5160 0.0100 0.2663 0.2910
1.5160 0.0100 0.2663 0.2910
1.5160 0.0100 0.2673 0.2908
1.5160 0.0100 0.2684 0.2905
1.5160 0.0100 0.2703 0.2925
1.5160 0.0100 0.2696 0.2938
1.5160 0.0100 0.2696 0.2938
1.5160 0.0100 0.2704 0.2936
1.5160 0.0100 0.2714 0.2933
1.5160 0.0100 0.2694 0.2935
1.5160 0.0100 0.2704 0.2933
1.5160 0.0100 0.2704 0.2933
1.5160 0.0100 0.2695 0.2935
1.5160 0.0100 0.2701 0.2936
1.5160 0.0100 0.2826 0.3174
1.5160 0.0100 0.2833 0.3173
1.5160 0.0100 0.2836 0.3172
1.5160 0.0100 0.2836 0.3172
1.5160 0.0100 0.2846 0.3169
1.5160 0.0100 0.2846 0.3169
1.5160 0.0100 0.2846 0.3169
1.5160 0.0100 0.2847 0.3169
1.5160 0.0100 0.2847 0.3169
1.5160 0.0100 0.2847 0.3169
1.5160 0.0100 0.2847 0.3169
1.5160 0.0100 0.2858 0.3170
1.5160 0.0100 0.2928 0.3200
1.5160 0.0100 0.2928 0.3200
1.5160 0.0100 0.2928 0.3200
1.5160 0.0100 0.2928 0.3200
1.5160 0.0100 0.2951 0.3197
1.5160 0.0100 0.2952 0.3197
1.5160 0.0100 0.2952 0.3197
1.5160 0.0100 0.2949 0.3197
1.5160 0.0100 0.2949 0.3197
1.5160 0.0100 0.2932 0.3200
1.5160 0.0100 0.2932 0.3200
1.5160 0.0100 0.2932 0.3200
1.5160 0.0100 0.3060 0.3423
1.5160 0.0100 0.3060 0.3423
1.5160 0.0100 0.3120 0.3480
1.5160 0.0100 0.3110 0.3484
1.5160 0.0100 0.3110 0.3484
1.5160 0.0100 0.3101 0.3484
1.5160 0.0100 0.3101 0.3484
1.5160 0.0100 0.3102 0.3484
1.5160 0.0100 0.3102 0.3484
1.5160 0.0100 0.3104 0.3483
1.5160 0.0100 0.3104 0.3483
1.5160 0.0100 0.3104 0.3483
1.5160 0.0100 0.3102 0.3484
1.5160 0.0100 0.3116 0.3480
1.5160 0.0100 0.3126 0.3476
1.5160 0.0100 0.3136 0.3472
1.5160 0.0100 0.3157 0.3468
1.5160 0.0100 0.3168 0.3464
1.5160 0.0100 0.3191 0.3451
1.5160 0.0100 0.3199 0.3448
1.5859 0.0100 0.3349 0.3717
1.5859 0.0100 0.3388 0.3705
1.5859 0.0100 0.3389 0.3705
1.5859 0.0100 0.3409 0.3697
1.5859 0.0100 0.3409 0.3697
1.5859 0.0100 0.3523 0.3834
1.5859 0.0100 0.3565 0.3834
1.5859 0.0100 0.3637 0.3826
1.5859 0.0100 0.3647 0.3822
1.5859 0.0100 0.3622 0.3823
1.5859 0.0100 0.3632 0.3819
1.5859 0.0100 0.3646 0.3789
1.5859 0.0100 0.3651 0.3787
1.5859 0.0100 0.3654 0.3786
1.5859 0.0100 0.3699 0.3786
1.5859 0.0100 0.3699 0.3786
1.5859 0.0100 0.3709 0.3781
1.5859 0.0100 0.3709 0.3781
1.5859 0.0100 0.3717 0.3777
1.5859 0.0100 0.3717 0.3777
1.5859 0.0100 0.3826 0.3927
1.5859 0.0100 0.3826 0.3927
1.5859 0.1363 0.3839 0.3917
1.5859 0.1363 0.3839 0.3917
1.5859 0.1363 0.3861 0.3948
1.5859 0.1363 0.3774 0.3798
1.5859 0.1369 0.3820 0.3797
1.5859 0.1369 0.3820 0.3797
1.5859 0.1369 0.3819 0.3797
1.5859 0.1369 0.3829 0.3792
1.5859 0.1369 0.3829 0.3792
1.5859 0.1369 0.3829 0.3792
1.5859 0.1369 0.3837 0.3788
1.5859 0.1369 0.3837 0.3788
1.5859 0.1369 0.3837 0.3788
1.5859 0.1369 0.3714 0.3626
1.5859 0.1369 0.3845 0.3773
1.5859 0.1369 0.3944 0.3953
1.5859 0.1369 0.3947 0.3955
1.5859 0.1369 0.3939 0.3960
1.5859 0.1369 0.4113 0.4077
1.5859 0.1369 0.4116 0.4076
1.5859 0.0100 0.4103 0.4087
1.5859 0.0100 0.4207 0.4145
1.5859 0.0100 0.4207 0.4145
1.5859 0.0100 0.4207 0.4145
1.5859 0.0100 0.4212 0.4145
1.5859 0.0100 0.4309 0.4191
1.5859 0.0100 0.4310 0.4190
1.5859 0.0100 0.4310 0.4190
1.5859 0.0100 0.4310 0.4190
1.5859 0.0100 0.4303 0.4192
1.5859 0.0100 0.4313 0.4186
1.5859 0.0100 0.4319 0.4184
1.5859 0.0100 0.4329 0.4178
1.5859 0.0100 0.4331 0.4178
1.5859 0.0100 0.4331 0.4178
1.5859 0.0100 0.4341 0.4172
1.5859 0.0100 0.4291 0.4166
1.5859 0.0100 0.4300 0.4161
1.5859 0.0100 0.4289 0.4164
1.5859 0.0100 0.4289 0.4164
1.5859 0.0100 0.4295 0.4164
1.5859 0.0100 0.4371 0.4199
1.5859 0.0100 0.4371 0.4199
1.5859 0.0100 0.4363 0.4209
1.5859 0.0100 0.4373 0.4203
1.5859 0.0100 0.4373 0.4203
1.5859 0.0100 0.4373 0.4203
1.5859 0.1369 0.4396 0.4186
1.5859 0.1369 0.4395 0.4186
1.5859 0.1369 0.4390 0.4188
1.5859 0.1369 0.4412 0.4183
1.5859 0.1369 0.4412 0.4183
1.5859 0.1369 0.4461 0.4188
1.5859 0.1369 0.4532 0.4294
1.5859 0.1369 0.4506 0.4255
1.5859 0.1369 0.4526 0.4252
1.5859 0.1369 0.4518 0.4253
1.5859 0.1013 0.4506 0.4262
1.5859 0.1013 0.4572 0.4280
1.5859 0.1013 0.4582 0.4273
1.5859 0.1013 0.4706 0.4387
1.5859 0.1013 0.4705 0.4387
1.5859 0.1013 0.4678 0.4396
1.5859 0.1013 0.4678 0.4396
1.5859 0.0750 0.4595 0.4393
1.5859 0.0750 0.4595 0.4393
1.5859 0.0750 0.4592 0.4394
1.5859 0.0750 0.4584 0.4400
1.5859 0.0750 0.4558 0.4397
1.5859 0.0750 0.4558 0.4397
1.5859 0.0750 0.4568 0.4391
1.5859 0.0750 0.4569 0.4391
1.5859 0.0167 0.4547 0.4407
1.5859 0.0167 0.4547 0.4407
1.5859 0.0167 0.4636 0.4522
1.5859 0.0167 0.4646 0.4516
1.5859 0.0167 0.4645 0.4517
1.5859 0.0167 0.4646 0.4516
1.5859 0.0167 0.4648 0.4516
1.5859 0.0167 0.4633 0.4524
1.5859 0.0167 0.4720 0.4545
1.5859 0.0167 0.4720 0.4545
1.5859 0.0167 0.4735 0.4539
1.5859 0.0167 0.4750 0.4534
1.5859 0.0167 0.4903 0.4684
1.5859 0.0167 0.4916 0.4675
1.5859 0.0167 0.4909 0.4658
1.5859 0.0167 0.4909 0.4658
1.5859 0.0167 0.4777 0.4570
1.5859 0.0167 0.4777 0.4570
1.5859 0.0167 0.4778 0.4570
1.5859 0.0167 0.4781 0.4568
1.5859 0.0167 0.4812 0.4563
1.5859 0.0167 0.4785 0.4541
1.5859 0.0167 0.4937 0.4631
1.5859 0.0167 0.4927 0.4637
1.5859 0.0167 0.4937 0.4631
1.5859 0.0167 0.4980 0.4612
1.5859 0.0167 0.4986 0.4610
1.5859 0.0167 0.4885 0.4540
1.5859 0.0167 0.4862 0.4529
1.5859 0.0167 0.4829 0.4543
1.5859 0.0167 0.4867 0.4535
1.5859 0.0167 0.4832 0.4511
1.5859 0.0167 0.4847 0.4510
1.5859 0.0167 0.4850 0.4509
1.5859 0.0167 0.4862 0.4498
1.5859 0.0167 0.4740 0.4390
1.5859 0.0167 0.4773 0.4373
1.5859 0.0167 0.4871 0.4476
1.5859 0.0167 0.4871 0.4476
1.5859 0.0167 0.4862 0.4483
1.5859 0.0167 0.4966 0.4580
1.5859 0.0167 0.4981 0.4574
1.5859 0.0167 0.4955 0.4589
1.5859 0.0389 0.5097 0.4658
1.5859 0.0389 0.5089 0.4664
1.5859 0.0389 0.5116 0.4656
1.5859 0.0389 0.5107 0.4664
1.5859 0.0389 0.4977 0.4585
1.5859 0.0389 0.5085 0.4677
1.5859 0.0389 0.5085 0.4677
1.5859 0.0389 0.5085 0.4677
1.5859 0.0389 0.5107 0.4678
1.5859 0.0389 0.5121 0.4676
1.5859 0.0389 0.5111 0.4683
1.5859 0.0835 0.5252 0.4751
1.5859 0.0835 0.5252 0.4751
1.5859 0.0835 0.5148 0.4662
1.5859 0.0835 0.5148 0.4662
1.5859 0.0835 0.5083 0.4562
1.5859 0.1324 0.5099 0.4550
1.5859 0.1324 0.5111 0.4541
1.5859 0.1324 0.5153 0.4484
1.5859 0.0100 0.5131 0.4503
1.5859 0.0100 0.5131 0.4503
1.5859 0.0100 0.5158 0.4495
1.5859 0.0100 0.5173 0.4484
1.5859 0.0100 0.5183 0.4477
1.5859 0.0100 0.5261 0.4463
1.5859 0.0100 0.5261 0.4462
1.5859 0.0100 0.5278 0.4455
1.6597 0.0100 0.5162 0.4388
1.6597 0.0100 0.5172 0.4380
1.6597 0.0100 0.5232 0.4419
1.6597 0.0100 0.5232 0.4419
1.6597 0.0100 0.5232 0.4419
1.6597 0.0100 0.5349 0.4497
1.6597 0.0100 0.5349 0.4497
1.6597 0.0100 0.5470 0.4576
1.6597 0.0100 0.5355 0.4492
1.6597 0.0100 0.5346 0.4497
1.5859 0.0100 0.5205 0.4363
1.5859 0.0100 0.5076 0.4266
1.5859 0.1368 0.5099 0.4245
1.5859 0.1368 0.5090 0.4253
1.5859 0.1368 0.5182 0.4293
1.5859 0.1368 0.5182 0.4293
1.5859 0.1368 0.5242 0.4281
1.5859 0.1368 0.5242 0.4281
1.5859 0.1368 0.5350 0.4373
1.5859 0.1368 0.5351 0.4373
1.5859 0.1368 0.5360 0.4373
1.5859 0.1378 0.5369 0.4366
1.5859 0.1378 0.5327 0.4347
1.5859 0.1378 0.5328 0.4347
1.5859 0.1378 0.5449 0.4428
1.5859 0.0971 0.5402 0.4452
1.5859 0.0971 0.5422 0.4442
1.5859 0.0971 0.5543 0.4520
1.5859 0.0971 0.5657 0.4597
1.5859 0.0971 0.5648 0.4605
1.5859 0.1378 0.5685 0.4582
1.7062 0.1378 0.5773 0.4670
1.7062 0.1378 0.5981 0.4724
1.7062 0.1378 0.6253 0.4880
1.7062 0.1378 0.6271 0.4870
1.7062 0.1378 0.6221 0.4884
1.7062 0.1378 0.6206 0.4890
1.7062 0.1378 0.6210 0.4887
1.7062 0.1378 0.6166 0.4905
1.7062 0.1378 0.6239 0.4907
1.7062 0.1378 0.6136 0.4886
1.7062 0.0100 0.5993 0.4852
1.7062 0.0100 0.5989 0.4853
1.7062 0.0100 0.5959 0.4870
1.7062 0.0100 0.6060 0.4879
1.7062 0.0100 0.6060 0.4879
1.7062 0.0100 0.5899 0.4839
1.7062 0.0100 0.5899 0.4839
1.7062 0.0100 0.5812 0.4824
1.7062 0.0100 0.5932 0.4886
1.7062 0.0100 0.5911 0.4896
1.7062 0.0100 0.6031 0.4955
1.7062 0.0100 0.6031 0.4955
1.7062 0.0100 0.6021 0.4964
1.7062 0.0100 0.5937 0.4967
1.7062 0.0100 0.5939 0.4965
1.7062 0.0100 0.5932 0.4971
1.7062 0.0100 0.5932 0.4971
1.7062 0.0100 0.5933 0.4971
1.7062 0.1377 0.5944 0.4959
1.7062 0.1377 0.5940 0.4958
1.7062 0.1377 0.6069 0.5006
1.7062 0.1377 0.6191 0.5094
1.7062 0.1377 0.6311 0.5144
1.7062 0.1377 0.6308 0.5146
1.7062 0.1377 0.6299 0.5154
1.7062 0.1202 0.6280 0.5166
1.7062 0.1202 0.6280 0.5166
1.7062 0.1202 0.6263 0.5168
1.7062 0.1202 0.6355 0.5180
1.7062 0.1202 0.6402 0.5263
1.7062 0.1202 0.6311 0.5156
1.7062 0.1202 0.6429 0.5204
1.7062 0.1202 0.6416 0.5227
1.7062 0.1202 0.6416 0.5227
1.7062 0.1202 0.6552 0.5207
1.6966 0.1202 0.6549 0.5207
1.6966 0.1202 0.6603 0.5259
1.6966 0.1202 0.6603 0.5259
1.6966 0.1202 0.6635 0.5243
1.6966 0.1202 0.6613 0.5233
1.6966 0.1202 0.6603 0.5242
1.6966 0.1202 0.6733 0.5272
1.6966 0.1202 0.6735 0.5270
1.6966 0.1202 0.6735 0.5270
1.6966 0.1202 0.6745 0.5261
1.6966 0.1202 0.6745 0.5261
1.6966 0.1377 0.6820 0.5230
1.6966 0.1377 0.6830 0.5224
1.6966 0.1377 0.6834 0.5222
1.6966 0.1377 0.6959 0.5307
1.6966 0.1377 0.6993 0.5287
1.6966 0.1377 0.7017 0.5274
1.6966 0.0100 0.7085 0.5284
1.6966 0.0100 0.6965 0.5253
1.8640 0.0100 0.7077 0.5385
1.8640 0.0100 0.7087 0.5375
1.8640 0.0100 0.7080 0.5367
1.8640 0.0100 0.7080 0.5367
1.8640 0.0100 0.7188 0.5380
1.8640 0.0100 0.7320 0.5423
1.8640 0.0100 0.7223 0.5442
1.8640 0.0100 0.7244 0.5428
1.8640 0.0100 0.7355 0.5442
1.8640 0.0100 0.7476 0.5463
1.8640 0.0100 0.7521 0.5563
1.8640 0.0100 0.7529 0.5571
1.8640 0.0100 0.7524 0.5576
1.8640 0.0100 0.7564 0.5546
1.8640 0.0100 0.7567 0.5550
1.8640 0.0100 0.7567 0.5550
1.8640 0.0100 0.7625 0.5506
1.8640 0.0100 0.7625 0.5506
1.8640 0.0100 0.7720 0.5563
1.8640 0.0100 0.7585 0.5558
1.8640 0.0100 0.7569 0.5574
1.8640 0.0100 0.7458 0.5572
1.8640 0.0100 0.7442 0.5555
1.8640 0.0100 0.7562 0.5574
1.8640 0.0100 0.7590 0.5601
1.8640 0.0100 0.7460 0.5593
1.8640 0.0100 0.7328 0.5562
1.8640 0.0100 0.7415 0.5551
1.8640 0.0100 0.7517 0.5533
1.8640 0.0100 0.7532 0.5553
1.8640 0.0100 0.7566 0.5532
1.8640 0.0100 0.7555 0.5519
1.8640 0.0100 0.7570 0.5511
1.8640 0.0100 0.7612 0.5547
1.8640 0.1235 0.7644 0.5518
1.8640 0.1235 0.7689 0.5501
1.8640 0.1235 0.7837 0.5529
1.8640 0.1235 0.7929 0.5514
1.8640 0.1235 0.8077 0.5536
1.8640 0.1235 0.7942 0.5532
1.8640 0.1235 0.7921 0.5549
1.8640 0.1235 0.7873 0.5545
1.8640 0.1235 0.7823 0.5581
1.8640 0.1235 0.7733 0.5600
1.8640 0.1235 0.7831 0.5651
1.8640 0.1235 0.7831 0.5651
1.8294 0.1235 0.7729 0.5587
1.8294 0.1235 0.7739 0.5580
1.8294 0.1235 0.7814 0.5599
1.8294 0.1235 0.7814 0.5598
1.8294 0.1235 0.7909 0.5568
1.8294 0.1235 0.7911 0.5565
1.8294 0.1235 0.7959 0.5616
1.8294 0.1235 0.7959 0.5616
1.8294 0.1337 0.7963 0.5612
1.8294 0.1337 0.7963 0.5612
1.8294 0.1337 0.8098 0.5638
1.8294 0.1337 0.8228 0.5632
1.8294 0.1337 0.8216 0.5615
1.8294 0.1337 0.8159 0.5610
1.8294 0.1337 0.8187 0.5587
1.8294 0.1337 0.8096 0.5613
1.8294 0.1337 0.8063 0.5642
1.8294 0.1202 0.8034 0.5651
1.8294 0.1202 0.8154 0.5657
2.0240 0.1202 0.8246 0.5776
2.0240 0.1202 0.8385 0.5800
2.0240 0.1202 0.8382 0.5804
2.0240 0.1202 0.8382 0.5804
2.0240 0.1202 0.8385 0.5800
2.0240 0.1202 0.8321 0.5847
2.0240 0.0166 0.8306 0.5864
2.0240 0.0166 0.8251 0.5898
2.0240 0.1202 0.8340 0.5842
2.0240 0.1202 0.8473 0.5917
2.0240 0.1202 0.8338 0.5907
2.0240 0.1337 0.8350 0.5894
2.0240 0.1337 0.8363 0.5890
2.0240 0.1337 0.8469 0.5877
2.1456 0.1337 0.8578 0.6000
2.1456 0.1337 0.8587 0.5989
2.1456 0.1337 0.8587 0.5989
2.1456 0.1337 0.8887 0.6076
2.1456 0.1337 0.8887 0.6076
2.1456 0.1337 0.8916 0.6095
2.1456 0.1337 0.9037 0.6064
2.1456 0.1337 0.9044 0.6056
2.1456 0.1337 0.9193 0.6049
2.1456 0.1337 0.9193 0.6049
2.1456 0.1337 0.9285 0.6014
2.1456 0.1337 0.9323 0.6001
2.1456 0.1337 0.9347 0.6022
2.1456 0.1337 0.9496 0.6007
2.1456 0.1337 0.9578 0.5988
2.1456 0.1337 0.9566 0.5975
2.1456 0.1337 0.9585 0.5993
2.1456 0.1337 0.9476 0.6025
2.1456 0.1337 0.9455 0.6003
2.1456 0.1337 0.9463 0.5995
2.1456 0.1337 0.9463 0.5995
2.1456 0.1337 0.9275 0.5949
2.1456 0.1337 0.9254 0.5928
2.1456 0.1337 0.9254 0.5928
2.1456 0.1337 0.9224 0.5928
2.1456 0.0896 0.9117 0.5980
2.1456 0.0896 0.9257 0.5985
2.1456 0.0896 0.9251 0.5993
2.1456 0.0896 0.9391 0.5991
2.1456 0.0896 0.9430 0.5958
2.1456 0.0896 0.9420 0.5971
2.1456 0.0896 0.9420 0.5971
2.1456 0.0896 0.9501 0.6008
2.1456 0.0896 0.9574 0.6007
2.1456 0.0896 0.9615 0.5963
2.1456 0.0100 0.9602 0.5982
2.1456 0.0100 0.9613 0.5969
2.1456 0.0100 0.9623 0.5956
2.1456 0.0100 0.9623 0.5956
2.1456 0.0100 0.9659 0.5974
2.1456 0.0100 0.9542 0.6003
2.1456 0.0100 0.9415 0.6039
2.1456 0.0100 0.9535 0.6017
2.1456 0.0100 0.9626 0.5927
2.1456 0.0100 0.9603 0.5959
2.1456 0.0100 0.9727 0.5929
2.1456 0.0100 0.9832 0.5870
2.1456 0.0100 0.9738 0.5918
2.1456 0.0100 0.9824 0.5873
2.1456 0.0100 0.9923 0.5866
2.1456 0.0100 0.9886 0.5909
2.1456 0.0100 0.9886 0.5909
2.1456 0.0100 0.9748 0.5921
2.1456 0.0100 0.9915 0.5962
2.1456 0.0100 1.0037 0.5931
2.1456 0.0100 1.0031 0.5941
2.1456 0.0100 0.9906 0.5984
2.1456 0.0100 0.9868 0.5944
2.1456 0.0100 0.9757 0.6014
2.1456 0.0100 0.9790 0.5982
2.1456 0.0100 0.9775 0.5969
2.1456 0.0100 0.9868 0.5968
2.1456 0.0100 0.9942 0.5978
2.1456 0.0100 0.9951 0.5988
2.1456 0.0100 0.9929 0.6011
2.1456 0.0100 0.9929 0.6011
2.1456 0.0100 0.9933 0.6014
2.1456 0.0100 0.9903 0.6053
2.1456 0.0100 0.9783 0.6083
2.1456 0.0100 0.9914 0.6041
2.1456 0.0100 1.0006 0.6037
2.1456 0.0100 0.9889 0.6097
2.1456 0.0100 0.9802 0.6141
2.1456 0.0100 0.9780 0.6129
2.1456 0.0100 0.9770 0.6146
2.1456 0.0100 0.9730 0.6182
2.1456 0.0100 0.9730 0.6182
2.1456 0.0100 0.9730 0.6182
2.1456 0.0100 0.9730 0.6182
2.1456 0.0100 0.9730 0.6182
2.1456 0.0100 0.9850 0.6155
2.1456 0.0100 0.9965 0.6154
2.1456 0.0100 0.9965 0.6154
2.1456 0.0100 0.9925 0.6141
2.1456 0.0100 0.9883 0.6124
2.1456 0.0100 0.9969 0.6108
2.0240 0.0100 0.9764 0.6063
2.0240 0.0100 0.9785 0.6075
2.0240 0.0100 0.9818 0.6044
2.0240 0.0100 0.9818 0.6045
2.0240 0.0100 0.9941 0.6049
2.0240 0.0100 0.9941 0.6049
2.0240 0.0100 0.9944 0.6046
2.0240 0.0100 0.9944 0.6046
2.0240 0.0100 0.9928 0.6030
2.0240 0.0100 0.9922 0.6026
2.0240 0.0100 1.0006 0.5978
2.0240 0.0100 1.0140 0.5919
1.8294 0.0100 0.9960 0.5883
1.8294 0.0100 0.9952 0.5894
1.8294 0.0100 0.9956 0.5898
1.8294 0.0100 0.9956 0.5898
1.8294 0.0100 0.9966 0.5887
1.8294 0.0100 0.9953 0.5907
1.8294 0.0100 0.9872 0.5895
1.8294 0.0100 0.9872 0.5895
1.8294 0.0100 1.0026 0.5867
1.8294 0.0100 0.9989 0.5904
1.8294 0.0100 1.0113 0.5864
1.8294 0.0100 1.0113 0.5864
1.8294 0.0100 1.0136 0.5830
1.8294 0.0100 1.0256 0.5792
1.8294 0.0100 1.0377 0.5752
1.8294 0.0100 1.0368 0.5767
1.8294 0.0100 1.0247 0.5808
1.8294 0.0100 1.0117 0.5859
1.8294 0.0100 0.9960 0.5853
1.8294 0.0100 0.9960 0.5853
1.8294 0.0100 0.9946 0.5882
1.8294 0.0100 0.9823 0.5917
1.8294 0.0100 0.9697 0.5948
1.8294 0.0100 0.9726 0.5957
1.8294 0.0100 0.9720 0.5952
1.8294 0.0100 0.9733 0.5960
1.8294 0.0100 0.9754 0.5980
1.8294 0.0100 0.9750 0.5985
1.8294 0.0100 0.9750 0.5985
1.8294 0.0100 0.9747 0.5989
1.8294 0.0100 0.9766 0.6007
1.8294 0.0100 0.9635 0.6047
1.8294 0.0100 0.9567 0.6102
1.8294 0.0100 0.9570 0.6104
1.8294 0.0100 0.9596 0.6070
1.8294 0.0100 0.9726 0.6032
1.8294 0.0100 0.9745 0.6015
1.8294 0.0100 0.9798 0.6006
1.8294 0.0100 0.9820 0.6018
1.8294 0.0100 0.9820 0.6018
1.8294 0.0100 0.9947 0.5994
1.8294 0.0100 0.9947 0.5993
1.8294 0.0100 0.9946 0.5995
1.8294 0.0100 0.9946 0.5995
1.8294 0.0100 0.9804 0.6025
1.8294 0.0100 0.9822 0.6042
1.8294 0.0100 0.9822 0.6042
1.8294 0.0100 0.9841 0.6059
1.8294 0.0100 0.9831 0.6072
1.8294 0.0100 0.9831 0.6072
1.8294 0.0100 0.9848 0.6087
1.8294 0.0100 0.9866 0.6104
1.8294 0.0100 0.9868 0.6105
1.8294 0.0100 0.9877 0.6093
1.8294 0.0100 0.9877 0.6093
1.8294 0.0100 0.9747 0.6111
1.8294 0.0100 0.9877 0.6084
1.8294 0.0100 0.9874 0.6087
1.8294 0.0100 0.9725 0.6093
1.8294 0.0100 0.9740 0.6073
1.8294 0.0100 0.9881 0.6059
1.8294 0.0100 0.9814 0.6044
1.8294 0.0100 0.9912 0.5999
1.8294 0.0100 0.9884 0.6027
1.8294 0.0100 0.9881 0.6033
1.8294 0.0100 0.9980 0.6024
1.8294 0.0100 0.9985 0.6028
1.8294 0.0100 0.9988 0.6024
1.8294 0.0100 1.0141 0.5995
1.8294 0.0100 1.0141 0.5995
1.8294 0.0100 1.0226 0.5955
1.8294 0.0100 1.0066 0.5954
1.8294 0.0100 1.0066 0.5954
1.8294 0.0100 1.0110 0.5933
1.8294 0.0100 1.0252 0.5899
1.8294 0.0100 1.0377 0.5855
1.8294 0.0100 1.0265 0.5876
1.8294 0.0100 1.0277 0.5888
2.1236 0.0100 1.0274 0.6031
2.1236 0.0100 1.0233 0.6004
2.1236 0.0100 1.0326 0.6024
2.1236 0.0100 1.0378 0.6037
2.1236 0.0100 1.0397 0.6052
2.1236 0.0100 1.0521 0.6026
2.1236 0.0100 1.0420 0.6083
2.1236 0.0100 1.0536 0.6083
2.1236 0.0100 1.0547 0.6068
2.1236 0.0100 1.0418 0.6123
2.1236 0.0100 1.0421 0.6125
2.1236 0.0100 1.0421 0.6125
2.1236 0.0100 1.0511 0.6083
2.1236 0.0100 1.0511 0.6083
2.1236 0.0100 1.0642 0.6046
2.1236 0.0100 1.0791 0.6000
2.1236 0.0100 1.0928 0.5922
2.1236 0.0100 1.0841 0.5983
2.1236 0.0100 1.0838 0.5988
2.1236 0.0100 1.0968 0.5923
2.1236 0.0100 1.0841 0.5984
2.1236 0.0100 1.0706 0.6021
2.1236 0.0100 1.0850 0.5982
2.1236 0.0100 1.0960 0.5979
2.1236 0.0100 1.1090 0.5910
2.1236 0.0100 1.1184 0.5911
2.1236 0.0100 1.1184 0.5911
2.1236 0.0100 1.1307 0.5854
2.1236 0.0100 1.1304 0.5859
2.1236 0.0100 1.1335 0.5877
2.1236 0.0100 1.1363 0.5885
2.1236 0.0100 1.1465 0.5807
2.1236 0.0100 1.1492 0.5768
2.1236 0.0100 1.1477 0.5790
2.1236 0.0100 1.1497 0.5802
2.1236 0.0100 1.1506 0.5808
2.1236 0.0100 1.1510 0.5803
2.1236 0.0100 1.1499 0.5803
2.1236 0.0100 1.1496 0.5808
2.1236 0.0100 1.1500 0.5811
2.1236 0.0481 1.1646 0.5705
2.1236 0.0481 1.1667 0.5710
2.1236 0.0481 1.1797 0.5622
2.1236 0.0481 1.1797 0.5622
2.1236 0.0481 1.1676 0.5714
2.1236 0.0481 1.1676 0.5714
2.1236 0.0481 1.1552 0.5787
2.1236 0.0481 1.1691 0.5731
2.1236 0.0481 1.1815 0.5653
2.1236 0.0481 1.1945 0.5561
2.1236 0.0481 1.1952 0.5549
2.1236 0.0481 1.1814 0.5621
2.1236 0.0481 1.1704 0.5704
2.1236 0.0481 1.1707 0.5706
2.1236 0.0481 1.1749 0.5724
2.1236 0.0481 1.1674 0.5827
2.1236 0.0481 1.1592 0.5893
2.1236 0.0481 1.1595 0.5888
2.1236 0.0481 1.1595 0.5888
2.1236 0.0481 1.1576 0.5876
2.1236 0.0481 1.1586 0.5881
2.1236 0.0481 1.1586 0.5881
2.1236 0.0481 1.1586 0.5881
2.1138 0.0481 1.1584 0.5880
2.1138 0.0481 1.1431 0.5927
2.1138 0.0481 1.1431 0.5927
2.1138 0.0481 1.1457 0.5942
2.1138 0.0481 1.1452 0.5951
2.1138 0.0481 1.1452 0.5951
2.1138 0.0481 1.1445 0.5961
2.1138 0.0481 1.1532 0.5885
2.1138 0.0481 1.1531 0.5885
2.1138 0.0481 1.1531 0.5885
2.1138 0.0481 1.1420 0.5924
2.1138 0.0481 1.1281 0.5971
2.1138 0.0481 1.1327 0.6013
2.1138 0.0481 1.1469 0.5961
2.1138 0.0481 1.1484 0.5969
2.1138 0.0481 1.1703 0.5872
2.1138 0.0481 1.1573 0.5954
2.1138 0.0481 1.1573 0.5954
2.1138 0.0481 1.1443 0.6033
2.1138 0.0481 1.1573 0.5954
2.1138 0.0481 1.1583 0.5940
2.1138 0.0481 1.1673 0.5852
2.1138 0.0481 1.1673 0.5852
2.1138 0.0481 1.1673 0.5852
2.1138 0.0481 1.1673 0.5852
2.1138 0.0481 1.1801 0.5812
2.1138 0.0481 1.1950 0.5733
2.1138 0.0481 1.1948 0.5732
2.1138 0.0481 1.1818 0.5822
2.1138 0.1378 1.1827 0.5806
2.1138 0.1378 1.1541 0.5883
2.1138 0.1378 1.1439 0.5953
2.1138 0.1378 1.1439 0.5953
2.1138 0.1378 1.1569 0.5873
2.1138 0.1378 1.1570 0.5873
2.1138 0.1378 1.1700 0.5812
2.1138 0.1378 1.1835 0.5750
2.1138 0.1378 1.1974 0.5687
2.1138 0.1378 1.2164 0.5648
2.1138 0.1378 1.2154 0.5666
2.1138 0.1378 1.2162 0.5671
2.1138 0.1378 1.2293 0.5594
2.1138 0.1378 1.2293 0.5594
2.1138 0.1378 1.2379 0.5502
2.1138 0.1378 1.2373 0.5500
2.1138 0.1378 1.2384 0.5505
2.1138 0.1378 1.2249 0.5583
2.1138 0.0851 1.2149 0.5695
2.1138 0.0851 1.2282 0.5634
2.1138 0.0851 1.2310 0.5636
2.1138 0.0851 1.2329 0.5647
2.1138 0.0851 1.2323 0.5659
2.1138 0.0851 1.2361 0.5660
2.1138 0.0851 1.2269 0.5701
2.1138 0.0851 1.2148 0.5781
2.1138 0.0851 1.2010 0.5846
2.1138 0.0851 1.2014 0.5848
2.1138 0.0851 1.2154 0.5783
2.1138 0.0851 1.2315 0.5723
2.1138 0.0851 1.2334 0.5734
2.1138 0.0851 1.2216 0.5815
2.1138 0.0851 1.2220 0.5818
2.1138 0.0851 1.2200 0.5810
2.1138 0.0851 1.2058 0.5882
2.1138 0.0851 1.2061 0.5885
2.1138 0.0851 1.2061 0.5885
2.1138 0.0851 1.2061 0.5885
2.1138 0.0851 1.2195 0.5791
2.1138 0.0851 1.2159 0.5789
2.1138 0.0851 1.2156 0.5794
2.1138 0.0851 1.2286 0.5696
2.1138 0.0851 1.2282 0.5693
2.1138 0.0851 1.2354 0.5759
2.1138 0.0851 1.2272 0.5842
2.1138 0.0851 1.2289 0.5851
2.1138 0.0851 1.2298 0.5856
2.1138 0.0851 1.2291 0.5854
2.1138 0.0851 1.2295 0.5857
2.1138 0.0851 1.2295 0.5857
2.1138 0.0851 1.2285 0.5874
2.1138 0.0851 1.2302 0.5888
2.1138 0.0851 1.2159 0.5963
2.1138 0.0851 1.2198 0.5967
2.1138 0.0851 1.2399 0.5954
2.1138 0.0851 1.2399 0.5954
2.1138 0.0515 1.2395 0.5961
2.1138 0.0515 1.2398 0.5957
2.1138 0.0515 1.2401 0.5958
2.1138 0.0515 1.2270 0.6015
2.1138 0.0515 1.2249 0.6049
2.1138 0.0515 1.2391 0.5975
2.1138 0.0515 1.2391 0.5975
2.1138 0.0515 1.2389 0.5972
2.1138 0.0515 1.2435 0.5984
2.1138 0.0515 1.2435 0.5984
2.1138 0.0515 1.2452 0.5992
2.1138 0.0515 1.2449 0.5991
2.1138 0.0515 1.2449 0.5991
2.1138 0.0515 1.2449 0.5991
2.1138 0.0515 1.2449 0.5991
2.1138 0.0515 1.2613 0.5928
2.1138 0.0515 1.2638 0.5938
2.1138 0.1237 1.2796 0.5822
2.1138 0.1237 1.2750 0.5818
2.1138 0.1237 1.2768 0.5826
2.1138 0.1237 1.2778 0.5807
2.1138 0.1237 1.2661 0.5924
2.1138 0.1237 1.2808 0.5857
2.1138 0.1237 1.2718 0.5963
2.1138 0.1237 1.2739 0.5971
2.1138 0.1237 1.2850 0.5878
2.1138 0.1237 1.2832 0.5870
2.1138 0.1237 1.2802 0.5921
2.1138 0.1237 1.2814 0.5927
2.1138 0.1237 1.2814 0.5927
2.1138 0.1237 1.2814 0.5927
2.1138 0.1237 1.2798 0.5920
2.1138 0.1237 1.2919 0.5828
2.1138 0.1237 1.2913 0.5827
2.1138 0.1237 1.2913 0.5827
2.1138 0.1237 1.2913 0.5827
2.1138 0.1237 1.2901 0.5825
2.1138 0.0100 1.2758 0.5960
2.1138 0.0100 1.2859 0.5917
2.1138 0.0100 1.2859 0.5917
2.1138 0.0100 1.2859 0.5917
2.1138 0.0100 1.2875 0.5931
2.1138 0.0100 1.3005 0.5818
2.1138 0.0100 1.3005 0.5818
2.1138 0.0100 1.3128 0.5757
2.1138 0.0100 1.3263 0.5660
2.1138 0.0100 1.3263 0.5660
2.1138 0.0100 1.3251 0.5653
2.1138 0.0100 1.3151 0.5672
2.1138 0.0100 1.3172 0.5676
2.1138 0.0100 1.3160 0.5672
2.1138 0.0100 1.3160 0.5672
2.1138 0.0100 1.3373 0.5502
2.1138 0.0100 1.3226 0.5620
2.1138 0.0100 1.3105 0.5721
2.1138 0.0100 1.3054 0.5716
2.1138 0.0100 1.3053 0.5716
2.1138 0.0100 1.2905 0.5823
2.1138 0.0100 1.2644 0.5993
2.1138 0.0100 1.2644 0.5993
2.1138 0.0100 1.2499 0.6088
2.1138 0.0100 1.2349 0.6175
2.1138 0.0100 1.2339 0.6192
2.1138 0.0100 1.2199 0.6279
2.1138 0.0100 1.2348 0.6197
2.1138 0.0100 1.2351 0.6199
2.1138 0.0100 1.2351 0.6199
2.1138 0.0100 1.2389 0.6223
2.1138 0.0100 1.2537 0.6135
2.1138 0.0100 1.2718 0.6069
2.1138 0.0100 1.2706 0.6059
2.1138 0.0100 1.2721 0.6066
2.1138 0.0100 1.2801 0.6097
2.1138 0.0100 1.2828 0.6053
2.1138 0.0100 1.2718 0.6151
2.1138 0.0100 1.2718 0.6151
2.1138 0.0100 1.2737 0.6158
2.1138 0.0100 1.2766 0.6170
2.1138 0.0100 1.2896 0.6065
2.1138 0.0100 1.2753 0.6151
2.1138 0.0100 1.2879 0.6066
2.1138 0.0100 1.2895 0.6072
2.1138 0.0100 1.3065 0.6013
2.1138 0.0100 1.3195 0.5918
2.1138 0.0100 1.3242 0.5925
2.1138 0.0100 1.3247 0.5914
2.1138 0.0100 1.3194 0.5910
2.1138 0.0100 1.3194 0.5910
2.1138 0.0100 1.3202 0.5914
2.1138 0.0100 1.3202 0.5913
2.1138 0.0100 1.3091 0.5991
2.1138 0.0100 1.2930 0.6068
2.1138 0.0100 1.2787 0.6155
2.1138 0.0100 1.2920 0.6049
2.1138 0.0100 1.3053 0.5940
2.1138 0.0100 1.3054 0.5940
2.1138 0.0100 1.3054 0.5940
2.1138 0.0100 1.3180 0.5838
2.1138 0.0100 1.3180 0.5838
2.1138 0.0100 1.3180 0.5838
2.1138 0.0100 1.3180 0.5838
2.1138 0.0100 1.3180 0.5838
2.1138 0.0100 1.3300 0.5739
2.1138 0.0100 1.3317 0.5745
2.1138 0.0100 1.3447 0.5642
2.1138 0.0100 1.3427 0.5629
2.1138 0.0100 1.3421 0.5641
2.1138 0.0100 1.3438 0.5647
2.1138 0.0100 1.3318 0.5753
2.1774 0.0100 1.3515 0.5701
2.1774 0.0100 1.3569 0.5700
2.1774 0.0100 1.3569 0.5700
2.1774 0.0100 1.3589 0.5704
2.1774 0.0100 1.3619 0.5726
2.1774 0.0100 1.3648 0.5746
2.1774 0.0100 1.3499 0.5868
2.1774 0.0100 1.3448 0.5882
2.1774 0.0100 1.3373 0.5860
2.1774 0.0100 1.3377 0.5861
2.1774 0.0100 1.3485 0.5820
2.1774 0.0100 1.3473 0.5819
2.1774 0.0100 1.3529 0.5719
2.1774 0.0100 1.3528 0.5721
2.1138 0.0100 1.3496 0.5684
2.1138 0.0100 1.3482 0.5683
2.1138 0.0100 1.3463 0.5677
2.1138 0.0100 1.3472 0.5680
2.1138 0.0100 1.3494 0.5688
2.1138 0.0100 1.3637 0.5573
2.1138 0.0100 1.3646 0.5577
2.1138 0.0100 1.3616 0.5554
2.1138 0.0100 1.3644 0.5561
2.1138 0.0100 1.3711 0.5602
2.1138 0.0100 1.3697 0.5607
2.1138 0.0100 1.3709 0.5611
2.1138 0.0100 1.3709 0.5611
2.1138 0.0100 1.3712 0.5612
2.1138 0.0100 1.3715 0.5614
2.1138 0.0100 1.3680 0.5597
2.1138 0.0100 1.3717 0.5591
2.1138 0.0100 1.3758 0.5625
2.1138 0.0100 1.3758 0.5625
2.1138 0.0100 1.3616 0.5738
2.1138 0.0100 1.3755 0.5631
2.1138 0.0100 1.3755 0.5631
2.1138 0.0100 1.3755 0.5631
2.1138 0.0100 1.3745 0.5628
2.1138 0.0100 1.3745 0.5628
2.1138 0.0100 1.3861 0.5559
2.1138 0.0100 1.3865 0.5561
2.1138 0.0100 1.3867 0.5561
2.1138 0.0100 1.3875 0.5564
2.1138 0.0100 1.3749 0.5679
2.1138 0.0100 1.3729 0.5673
2.1138 0.0100 1.3863 0.5536
2.1138 0.0100 1.3720 0.5655
2.1138 0.0100 1.3721 0.5652
2.1138 0.0100 1.3588 0.5767
2.1138 0.0100 1.3577 0.5770
2.1138 0.0100 1.3715 0.5666
2.1138 0.0100 1.3805 0.5632
2.1138 0.0100 1.3935 0.5492
2.1138 0.0100 1.4016 0.5365
2.1138 0.0100 1.4026 0.5366
2.1138 0.0100 1.4149 0.5272
2.1138 0.0100 1.4149 0.5272
2.1138 0.0100 1.4180 0.5294
2.1138 0.0100 1.4199 0.5298
2.1777 0.0100 1.4121 0.5499
2.1777 0.0100 1.4210 0.5345
2.1777 0.0100 1.4207 0.5345
