0.0556 0.0013 0.0123 0.0096
0.9032 0.0014 0.0236 0.0894
0.9032 0.0012 0.1722 0.3234
0.9538 0.0011 0.6433 0.3749
0.9697 0.0556 0.8691 0.1161
0.9697 0.0103 0.8625 0.1224
0.9697 0.0103 0.8555 0.1652
0.9697 0.0103 0.8634 0.1577
0.9697 0.6400 0.8943 0.0373
0.9697 0.0103 0.8628 0.1569
0.9697 0.0103 0.8826 0.1000
0.9697 0.0556 0.8776 0.1212
0.9697 0.5532 0.8916 0.0460
0.9697 0.0103 0.8761 0.1268
0.9697 0.7857 0.8930 0.0286
0.9697 0.0556 0.8756 0.1298
0.9697 0.0556 0.8861 0.0878
0.9697 0.0103 0.8589 0.1740
0.9697 0.0103 0.8890 0.0950
0.9697 0.0103 0.8698 0.1513
0.9697 0.0103 0.8704 0.1558
0.9697 0.0103 0.8542 0.2038
0.9697 0.0103 0.8972 0.0957
0.9697 0.0103 0.8840 0.1542
0.9697 0.0103 0.8769 0.1595
0.9697 0.0556 0.8954 0.0969
0.9697 0.2105 0.8857 0.0858
0.9697 0.0048 0.8688 0.1611
0.9697 0.0103 0.8787 0.1580
0.9697 0.6400 0.9101 0.0508
0.9697 0.0029 0.8810 0.1778
0.9697 0.0103 0.8938 0.1584
0.9697 0.0103 0.9069 0.1053
0.9697 0.0078 0.8926 0.1599
0.9697 0.0141 0.9152 0.1024
0.9697 0.0556 0.9062 0.1344
0.9697 0.0103 0.9104 0.1067
0.9697 0.0048 0.9120 0.1387
0.9697 0.0556 0.9208 0.0971
0.9697 0.6667 0.9347 0.0412
0.9697 0.0103 0.9294 0.0977
0.9697 0.0037 0.9152 0.1626
0.9697 0.0103 0.9025 0.1851
0.9697 0.0103 0.9090 0.1623
0.9697 0.0312 0.9110 0.1331
0.9697 0.0103 0.9234 0.1022
0.9697 0.6667 0.9314 0.0499
0.9697 0.0556 0.9250 0.0990
0.9697 0.0103 0.9120 0.1612
0.9697 0.0034 0.9236 0.1374
0.9697 0.0103 0.9075 0.1619
0.9697 0.0053 0.8934 0.2054
0.9697 0.0044 0.9251 0.1346
0.9697 0.0103 0.9155 0.1638
0.9697 0.0103 0.9092 0.1685
0.9697 0.0556 0.9395 0.0949
0.9697 0.0053 0.9011 0.2072
0.9697 0.0103 0.9076 0.1867
0.9697 0.0103 0.9108 0.1662
0.9697 0.0103 0.9344 0.1049
0.9697 0.0556 0.9143 0.1352
0.9697 0.0556 0.9057 0.1582
0.9697 0.0053 0.8994 0.1648
0.9697 0.7407 0.9250 0.0470
0.9697 0.0103 0.9173 0.1101
0.9697 0.0048 0.9189 0.1089
0.9697 0.0103 0.9108 0.1241
0.9697 0.0129 0.9179 0.1364
0.9697 0.0102 0.9176 0.1396
0.9697 0.0103 0.9302 0.1024
0.9697 0.4545 0.9303 0.0772
0.9697 0.0556 0.9287 0.1070
0.9697 0.0044 0.9096 0.1629
0.9697 0.0103 0.8949 0.2041
0.9697 0.0103 0.9171 0.1602
0.9697 0.0103 0.9126 0.1621
0.9697 0.0048 0.8913 0.2037
0.9697 0.7857 0.9368 0.0382
0.9697 0.0103 0.9156 0.1351
0.9697 0.0103 0.9253 0.1004
0.9697 0.0044 0.8789 0.2232
0.9697 0.0044 0.8871 0.2066
0.9697 0.7857 0.9357 0.0405
0.9697 0.0103 0.9299 0.1318
0.9697 0.0129 0.9382 0.1024
0.9697 0.0103 0.9381 0.0978
0.9697 0.0103 0.9115 0.1842
0.9697 0.0103 0.9137 0.1667
0.9697 0.0103 0.9179 0.1628
0.9697 0.0556 0.9405 0.0940
0.9697 0.0103 0.9408 0.0987
0.9697 0.8667 0.9500 0.0315
0.9697 0.8667 0.9478 0.0314
0.9697 0.0103 0.9063 0.1854
0.9697 0.8667 0.9444 0.0309
0.9697 0.0044 0.9337 0.0986
0.9697 0.0103 0.9086 0.1835
0.9697 0.0103 0.9179 0.1631
0.9697 0.0103 0.9111 0.1868
0.9697 0.0556 0.9363 0.0952
0.0556 0.0066 0.0112 0.0063
0.0556 0.0103 0.0131 0.0107
0.0556 0.0015 0.0204 0.0187
0.0556 0.0019 0.0343 0.0226
0.1111 0.0019 0.0453 0.0204
0.1111 0.0050 0.0492 0.0171
0.7857 0.0030 0.0757 0.1147
0.7857 0.0008 0.1995 0.2536
0.7857 0.0103 0.4887 0.2767
0.8475 0.0103 0.6074 0.2358
0.9394 0.0103 0.6727 0.1868
0.9394 0.0103 0.6946 0.1901
0.9394 0.0556 0.7104 0.1902
0.9394 0.0469 0.7198 0.1993
0.9394 0.0103 0.7249 0.1898
0.9394 0.0103 0.7733 0.1356
0.9394 0.0103 0.7782 0.1420
0.9394 0.0103 0.7720 0.1807
0.9394 0.0103 0.7895 0.1283
0.9394 0.0103 0.7861 0.1600
0.9394 0.0103 0.7774 0.1951
0.9394 0.0103 0.7756 0.1971
0.9394 0.0103 0.7784 0.1796
0.9394 0.0103 0.7825 0.1362
0.9394 0.0103 0.7792 0.1622
0.9394 0.0103 0.7986 0.1411
0.9394 0.0103 0.7853 0.1592
0.9394 0.0404 0.8016 0.1412
0.9394 0.0103 0.7971 0.1521
0.9394 0.0103 0.8136 0.0979
0.9394 0.0103 0.7963 0.1433
0.9394 0.0103 0.7935 0.1612
0.9394 0.0103 0.7891 0.1778
0.9394 0.1622 0.8254 0.0804
0.9394 0.0556 0.7889 0.1596
0.9394 0.0104 0.8012 0.1438
0.9394 0.0103 0.8148 0.1002
0.9394 0.0103 0.8035 0.1448
0.9394 0.7407 0.8273 0.0359
0.9394 0.0103 0.7943 0.1616
0.9394 0.0556 0.8149 0.1134
0.9394 0.6122 0.8272 0.0385
0.9394 0.0556 0.8038 0.1171
0.9394 0.0103 0.7659 0.1867
0.9394 0.0103 0.7896 0.1508
0.9394 0.0103 0.8167 0.1062
0.9394 0.0103 0.7978 0.1644
0.9394 0.0404 0.8245 0.0974
0.9394 0.0556 0.8119 0.1054
0.9394 0.0103 0.7967 0.1496
0.9394 0.0556 0.7997 0.1143
0.9394 0.0059 0.7901 0.1681
0.9394 0.0103 0.7809 0.1896
0.9394 0.0103 0.8118 0.1018
0.9394 0.0103 0.7998 0.1684
0.9394 0.0103 0.7745 0.1997
0.9394 0.0103 0.7911 0.1546
0.9394 0.0103 0.8037 0.1209
0.9394 0.0103 0.7966 0.1414
0.9394 0.0103 0.7927 0.1599
0.9394 0.0103 0.7910 0.1583
0.9394 0.0180 0.7962 0.1590
0.9394 0.0040 0.8205 0.1339
0.9394 0.0103 0.8029 0.1894
0.9394 0.0103 0.8038 0.1587
0.9394 0.0103 0.7990 0.1498
0.9394 0.0103 0.7959 0.1669
0.9394 0.0556 0.8057 0.1297
0.9394 0.0103 0.7559 0.2359
0.9394 0.0103 0.7938 0.1877
0.9538 0.0103 0.8059 0.2096
0.9538 0.0103 0.8416 0.1527
0.9538 0.0099 0.8519 0.1404
0.9538 0.0103 0.8453 0.1588
0.9538 0.0103 0.8467 0.1491
0.9538 0.0103 0.8274 0.1922
0.9538 0.0103 0.8279 0.1829
0.9538 0.0103 0.8291 0.1805
0.9538 0.0033 0.8299 0.1849
0.9538 0.0103 0.8566 0.1263
0.9538 0.5833 0.8849 0.0848
0.9538 0.0103 0.8664 0.1213
0.9538 0.0103 0.8415 0.1681
0.9538 0.0103 0.8471 0.1426
0.9538 0.0033 0.8054 0.1951
0.9538 0.3810 0.8469 0.1105
0.9538 0.0103 0.7968 0.2307
0.9538 0.0026 0.8000 0.2219
0.9538 0.0103 0.8218 0.1825
0.9538 0.0556 0.8433 0.1465
0.9538 0.0103 0.8433 0.1618
0.9538 0.0103 0.8606 0.1268
0.9538 0.0103 0.8268 0.2015
0.9538 0.0556 0.8491 0.1461
0.9538 0.0103 0.8552 0.1521
0.9538 0.0556 0.8704 0.1263
0.9538 0.0103 0.8603 0.1670
0.9538 0.0556 0.8699 0.1208
0.9538 0.0103 0.8648 0.1274
0.9538 0.0103 0.8361 0.2031
0.0556 0.0006 0.0154 0.0159
0.0556 0.0006 0.0311 0.0232
0.0556 0.0006 0.0453 0.0195
0.0556 0.0006 0.0535 0.0100
0.0556 0.0011 0.0541 0.0081
0.0556 0.0103 0.0533 0.0098
0.0556 0.0103 0.0538 0.0087
0.0556 0.0103 0.0547 0.0060
0.0556 0.0010 0.0550 0.0054
0.0556 0.0120 0.0551 0.0043
0.0556 0.0006 0.0550 0.0055
0.0556 0.0103 0.0551 0.0045
0.0556 0.0556 0.0556 0.0000
0.0556 0.0556 0.0556 0.0000
0.0556 0.0131 0.0551 0.0042
0.0556 0.0011 0.0545 0.0076
0.0556 0.0556 0.0556 0.0000
0.0556 0.0556 0.0556 0.0000
0.0556 0.0556 0.0556 0.0000
0.0556 0.0103 0.0551 0.0045
0.0556 0.0556 0.0556 0.0000
0.0556 0.0556 0.0556 0.0000
0.0556 0.0556 0.0556 0.0000
0.0556 0.0556 0.0556 0.0000
0.0556 0.0556 0.0556 0.0000
0.0556 0.0556 0.0556 0.0000
0.0556 0.0556 0.0556 0.0000
0.0556 0.0104 0.0551 0.0045
0.0556 0.0103 0.0551 0.0045
0.0556 0.0556 0.0556 0.0000
0.0556 0.0007 0.0545 0.0073
0.0556 0.0014 0.0550 0.0054
0.0556 0.0103 0.0551 0.0045
0.0556 0.0110 0.0551 0.0044
0.0556 0.0556 0.0556 0.0000
0.0556 0.0012 0.0546 0.0068
0.0556 0.0556 0.0556 0.0000
0.0556 0.0003 0.0550 0.0055
0.0556 0.0556 0.0556 0.0000
0.0556 0.0556 0.0556 0.0000
0.0556 0.0556 0.0556 0.0000
0.0556 0.0556 0.0556 0.0000
0.0556 0.0556 0.0556 0.0000
0.0556 0.0556 0.0556 0.0000
0.0556 0.0101 0.0546 0.0063
0.0556 0.0033 0.0536 0.0094
0.0556 0.0007 0.0531 0.0107
0.0556 0.0087 0.0551 0.0047
0.0556 0.0027 0.0550 0.0053
0.0556 0.0556 0.0556 0.0000
0.0556 0.0556 0.0556 0.0000
0.0556 0.0556 0.0556 0.0000
0.0556 0.0556 0.0556 0.0000
0.0556 0.0556 0.0556 0.0000
0.0556 0.0556 0.0556 0.0000
0.0556 0.0556 0.0556 0.0000
0.0556 0.0556 0.0556 0.0000
0.0556 0.0556 0.0556 0.0000
0.0556 0.0118 0.0551 0.0044
0.0556 0.0556 0.0556 0.0000
0.0556 0.0556 0.0556 0.0000
0.0556 0.0007 0.0546 0.0070
0.0556 0.0103 0.0551 0.0045
0.0556 0.0556 0.0556 0.0000
0.0556 0.0556 0.0556 0.0000
0.0556 0.0556 0.0556 0.0000
0.0556 0.0556 0.0556 0.0000
0.0556 0.0556 0.0556 0.0000
0.0556 0.0006 0.0545 0.0076
0.0556 0.0011 0.0550 0.0054
0.0556 0.0103 0.0542 0.0077
0.0556 0.0103 0.0551 0.0045
0.0556 0.0103 0.0547 0.0063
0.0556 0.0011 0.0537 0.0092
0.0556 0.0007 0.0540 0.0091
0.0556 0.0103 0.0547 0.0063
0.0556 0.0556 0.0556 0.0000
0.0556 0.0556 0.0556 0.0000
0.0556 0.0556 0.0556 0.0000
0.0556 0.0108 0.0551 0.0044
0.0556 0.0108 0.0551 0.0044
0.0556 0.0556 0.0556 0.0000
0.0556 0.0556 0.0556 0.0000
0.0556 0.0556 0.0556 0.0000
0.0556 0.0103 0.0547 0.0063
0.0556 0.0556 0.0556 0.0000
0.0556 0.0556 0.0556 0.0000
0.0556 0.0035 0.0550 0.0052
0.0556 0.0556 0.0556 0.0000
0.0556 0.0103 0.0551 0.0045
0.0556 0.0103 0.0551 0.0045
0.0556 0.0029 0.0550 0.0052
0.0556 0.0556 0.0556 0.0000
0.0556 0.0556 0.0556 0.0000
0.0556 0.0118 0.0551 0.0044
0.0556 0.0556 0.0556 0.0000
0.0556 0.0556 0.0556 0.0000
0.0556 0.0556 0.0556 0.0000
0.0556 0.0103 0.0551 0.0045
0.0556 0.0110 0.0551 0.0044
0.0556 0.0103 0.0130 0.0107
0.0556 0.0035 0.0211 0.0194
0.0556 0.0026 0.0329 0.0227
0.0556 0.0013 0.0457 0.0187
0.0556 0.0018 0.0515 0.0129
0.0556 0.0037 0.0540 0.0078
0.0556 0.0426 0.0553 0.0018
0.0556 0.0032 0.0538 0.0087
0.0556 0.0053 0.0540 0.0077
0.0556 0.0103 0.0542 0.0069
0.0556 0.0013 0.0546 0.0070
0.0556 0.0103 0.0542 0.0077
0.0556 0.0556 0.0556 0.0000
0.0556 0.0103 0.0547 0.0063
0.0556 0.0103 0.0551 0.0045
0.0556 0.0556 0.0556 0.0000
0.0556 0.0556 0.0556 0.0000
0.0556 0.0103 0.0551 0.0045
0.0556 0.0556 0.0556 0.0000
0.0556 0.0556 0.0556 0.0000
0.0556 0.0103 0.0542 0.0077
0.0556 0.0103 0.0547 0.0063
0.0556 0.0047 0.0546 0.0067
0.0556 0.0556 0.0556 0.0000
0.0556 0.0103 0.0551 0.0045
0.0556 0.0556 0.0556 0.0000
0.0556 0.0435 0.0554 0.0012
0.0556 0.0556 0.0556 0.0000
0.0556 0.0556 0.0556 0.0000
0.0556 0.0103 0.0551 0.0045
0.0556 0.0103 0.0551 0.0045
0.0556 0.0556 0.0556 0.0000
0.0556 0.0103 0.0547 0.0063
0.0556 0.0103 0.0551 0.0045
0.0556 0.0024 0.0532 0.0105
0.0556 0.0020 0.0532 0.0102
0.0556 0.0103 0.0547 0.0063
0.0556 0.0103 0.0538 0.0084
0.0556 0.0556 0.0556 0.0000
0.0556 0.0015 0.0550 0.0054
0.0556 0.0097 0.0546 0.0064
0.0556 0.0103 0.0551 0.0045
0.0556 0.0091 0.0551 0.0046
0.0556 0.0103 0.0551 0.0045
0.0556 0.0556 0.0556 0.0000
0.0556 0.0556 0.0556 0.0000
0.0556 0.0103 0.0551 0.0045
0.0556 0.0556 0.0556 0.0000
0.0556 0.0103 0.0551 0.0045
0.0556 0.0103 0.0547 0.0063
0.0556 0.0103 0.0547 0.0063
0.0556 0.0556 0.0556 0.0000
0.0556 0.0556 0.0556 0.0000
0.0556 0.0556 0.0556 0.0000
0.0556 0.0103 0.0537 0.0089
0.0556 0.0103 0.0547 0.0063
0.0556 0.0103 0.0547 0.0063
0.0556 0.0556 0.0556 0.0000
0.0556 0.0556 0.0556 0.0000
0.0556 0.0103 0.0547 0.0063
0.0556 0.0103 0.0551 0.0045
0.0556 0.0103 0.0537 0.0089
0.0556 0.0103 0.0551 0.0045
0.0556 0.0020 0.0537 0.0093
0.0556 0.0036 0.0541 0.0082
0.0556 0.0040 0.0550 0.0051
0.0556 0.0103 0.0551 0.0045
0.0556 0.0103 0.0547 0.0063
0.0556 0.0556 0.0556 0.0000
0.0556 0.0103 0.0547 0.0063
0.0556 0.0556 0.0556 0.0000
0.0556 0.0103 0.0551 0.0045
0.0556 0.0556 0.0556 0.0000
0.0556 0.0103 0.0537 0.0089
0.0556 0.0103 0.0547 0.0063
0.0556 0.0103 0.0547 0.0063
0.0556 0.0103 0.0551 0.0045
0.0556 0.0556 0.0556 0.0000
0.0556 0.0103 0.0547 0.0063
0.0556 0.0103 0.0551 0.0045
0.0556 0.0103 0.0551 0.0045
0.0556 0.0103 0.0547 0.0063
0.0556 0.0556 0.0556 0.0000
0.0556 0.0556 0.0556 0.0000
0.0556 0.0103 0.0537 0.0089
0.0556 0.0103 0.0547 0.0063
0.0556 0.0103 0.0547 0.0063
0.0556 0.0103 0.0551 0.0045
0.0556 0.0103 0.0551 0.0045
0.0556 0.0070 0.0542 0.0079
0.0556 0.0103 0.0547 0.0063
0.0556 0.0103 0.0536 0.0090
0.0556 0.0103 0.0547 0.0063
0.0556 0.0019 0.0546 0.0070
0.0556 0.0556 0.0556 0.0000
0.0556 0.0103 0.0551 0.0045
0.0556 0.0103 0.0551 0.0045
0.0556 0.0103 0.0551 0.0045
0.0556 0.0103 0.0551 0.0045
0.0556 0.0103 0.0551 0.0045
0.0556 0.0012 0.0392 0.0221
0.5038 0.0030 0.0495 0.0494
0.8250 0.0016 0.0740 0.1215
0.9538 0.0020 0.1910 0.2513
0.9538 0.0035 0.3538 0.2976
0.9538 0.0103 0.5195 0.2865
0.9538 0.0103 0.5365 0.2955
0.9538 0.0103 0.6445 0.2755
0.9697 0.0103 0.6607 0.2996
0.9697 0.0103 0.7029 0.2955
0.9697 0.0103 0.7911 0.2212
0.9697 0.0018 0.7677 0.2381
0.9697 0.0103 0.7958 0.2076
0.9697 0.0103 0.8037 0.2354
0.9697 0.0103 0.8516 0.1738
0.9697 0.0069 0.8456 0.1826
0.9697 0.0026 0.8569 0.1875
0.9697 0.0103 0.8277 0.2057
0.9697 0.0103 0.8266 0.1985
0.9706 0.0103 0.8586 0.1436
0.9706 0.0513 0.8720 0.1045
0.9706 0.0103 0.8509 0.1838
0.9706 0.0103 0.8709 0.1479
0.9706 0.0103 0.8222 0.2368
0.9706 0.0104 0.8702 0.1704
0.9706 0.0103 0.8905 0.1407
0.9706 0.0103 0.8967 0.1423
0.9706 0.0124 0.9100 0.1392
0.9706 0.6122 0.9294 0.0634
0.9706 0.8250 0.9371 0.0480
0.9706 0.8250 0.9348 0.0518
0.9706 0.0103 0.9236 0.1059
0.9706 0.0103 0.8991 0.1876
0.9706 0.0103 0.9119 0.1602
0.9706 0.0124 0.9225 0.1366
0.9706 0.0103 0.9194 0.1665
0.9706 0.7170 0.9522 0.0422
0.9706 0.7170 0.9551 0.0443
0.9706 0.8462 0.9607 0.0268
0.9706 0.0103 0.9520 0.0979
0.9706 0.0103 0.9395 0.1610
0.9706 0.0103 0.9574 0.0960
0.9706 0.0556 0.9558 0.0924
0.9706 0.0020 0.9456 0.1355
0.9706 0.8852 0.9663 0.0142
0.9706 0.0103 0.9301 0.1813
0.9706 0.0156 0.9365 0.1599
0.9706 0.0556 0.9500 0.1069
0.9706 0.0556 0.9568 0.0925
0.9706 0.0103 0.9276 0.1692
0.9706 0.0027 0.9370 0.1437
0.9706 0.0556 0.9243 0.1631
0.9706 0.0124 0.9374 0.1347
0.9706 0.0156 0.9503 0.1020
0.9706 0.0027 0.9378 0.1385
0.9706 0.0556 0.9468 0.0984
0.9706 0.7170 0.9556 0.0436
0.9706 0.0103 0.9225 0.1841
0.9706 0.0156 0.9465 0.1001
0.9706 0.0103 0.9390 0.1136
0.9706 0.0103 0.9310 0.1590
0.9706 0.0027 0.8916 0.2359
0.9706 0.0556 0.9299 0.1583
0.9706 0.8462 0.9588 0.0293
0.9706 0.0156 0.9324 0.1591
0.9706 0.0556 0.9486 0.0949
0.9706 0.7170 0.9539 0.0397
0.9706 0.0103 0.9484 0.0992
0.9706 0.0103 0.9161 0.1868
0.9706 0.0027 0.9080 0.2057
0.9706 0.0556 0.9152 0.1694
0.9706 0.0103 0.9191 0.1578
0.9706 0.0156 0.9374 0.1357
0.9706 0.0156 0.9321 0.1378
0.9706 0.0556 0.9356 0.1121
0.9706 0.0105 0.9292 0.1619
0.9706 0.0556 0.9430 0.1296
0.9706 0.0103 0.9236 0.1878
0.9706 0.0103 0.9494 0.1067
0.9706 0.0027 0.9400 0.1339
0.9706 0.7170 0.9609 0.0350
0.9706 0.0103 0.9500 0.1013
0.9706 0.0556 0.9437 0.0991
0.9706 0.0027 0.9200 0.1866
0.9706 0.0556 0.9438 0.1078
0.9706 0.0556 0.9368 0.1221
0.9706 0.0027 0.9205 0.1841
0.9706 0.0556 0.9435 0.1128
0.9706 0.5217 0.9571 0.0506
0.9706 0.0103 0.9411 0.1345
0.9706 0.7170 0.9594 0.0362
0.9706 0.0103 0.9272 0.1859
0.9706 0.0556 0.9452 0.1287
0.9706 0.0556 0.9564 0.0917
0.9706 0.0103 0.9453 0.1316
0.9706 0.5217 0.9619 0.0471
0.9706 0.5217 0.9607 0.0468
0.9706 0.0556 0.9459 0.1284
0.9706 0.0556 0.9538 0.0926
0.9706 0.7170 0.9590 0.0335
0.1570 0.0013 0.0371 0.0256
0.3000 0.0014 0.0519 0.0341
0.3000 0.0013 0.0535 0.0334
0.3636 0.0016 0.0630 0.0509
0.5664 0.0013 0.0872 0.0911
0.6102 0.0026 0.1479 0.1538
0.7333 0.0010 0.2248 0.1995
0.8276 0.0073 0.2874 0.2259
0.8276 0.0103 0.3634 0.2368
0.8276 0.0556 0.4491 0.2352
0.9032 0.0201 0.4780 0.2439
0.9032 0.0047 0.4963 0.2447
0.9032 0.0026 0.5827 0.1701
0.9032 0.0014 0.6149 0.1374
0.9032 0.0096 0.5939 0.1692
0.9032 0.0103 0.5957 0.1396
0.9032 0.0103 0.6103 0.1569
0.9032 0.0163 0.6077 0.1596
0.9032 0.0323 0.6383 0.1732
0.9032 0.0103 0.6229 0.2003
0.9032 0.0073 0.6348 0.1785
0.9032 0.0103 0.6498 0.1610
0.9032 0.0103 0.6420 0.1947
0.9032 0.0103 0.6720 0.1969
0.9032 0.0103 0.6547 0.2435
0.9032 0.0556 0.6938 0.1858
0.9032 0.0103 0.6759 0.2351
0.9032 0.0103 0.6801 0.2322
0.9032 0.0103 0.7239 0.1927
0.9032 0.0103 0.7324 0.1754
0.9032 0.0103 0.7410 0.1775
0.9032 0.0123 0.7641 0.1571
0.9206 0.0556 0.7796 0.1246
0.9206 0.0556 0.7871 0.1093
0.9206 0.0073 0.7951 0.1363
0.9206 0.5197 0.8204 0.0576
0.9206 0.0103 0.8006 0.1486
0.9206 0.0120 0.7995 0.1469
0.9206 0.0073 0.7847 0.1914
0.9206 0.0103 0.7908 0.1726
0.9206 0.0116 0.7836 0.1983
0.9206 0.0103 0.8160 0.1233
0.9206 0.0103 0.7892 0.1856
0.9206 0.0029 0.8006 0.1704
0.9206 0.0103 0.8133 0.1514
0.9206 0.0103 0.8064 0.1776
0.9206 0.0103 0.8277 0.1302
0.9206 0.0029 0.7970 0.1933
0.9206 0.0021 0.8162 0.1488
0.9206 0.0556 0.8326 0.1326
0.9206 0.0189 0.8146 0.1890
0.9206 0.0103 0.8408 0.1112
0.9206 0.0073 0.8264 0.1645
0.9206 0.0103 0.8509 0.1332
0.9206 0.0556 0.8686 0.0972
0.9206 0.0103 0.8636 0.1322
0.9206 0.0556 0.8721 0.1042
0.9206 0.0021 0.8536 0.1647
0.9206 0.0103 0.8684 0.1380
0.9206 0.5833 0.8915 0.0570
0.9206 0.0556 0.8842 0.1019
0.9206 0.0103 0.8775 0.1555
0.9206 0.0189 0.8616 0.1926
0.9206 0.0120 0.8864 0.1425
0.9206 0.0103 0.8882 0.1403
0.9206 0.0117 0.8929 0.1260
0.9206 0.0021 0.8927 0.1328
0.9206 0.0117 0.8639 0.1960
0.9206 0.0556 0.8890 0.1296
0.9206 0.0117 0.8861 0.1328
0.9206 0.0189 0.8989 0.0983
0.9206 0.8276 0.9178 0.0159
0.9206 0.0556 0.8973 0.1255
0.9206 0.6804 0.9154 0.0285
0.9206 0.0103 0.8739 0.1902
0.9206 0.0556 0.9020 0.1213
0.9206 0.8276 0.9194 0.0099
0.9206 0.0189 0.9082 0.0955
0.9206 0.5946 0.9138 0.0457
0.9206 0.0377 0.8934 0.1331
0.9206 0.5946 0.9170 0.0326
0.9206 0.0377 0.8844 0.1636
0.9206 0.9206 0.9206 0.0000
0.9206 0.0556 0.8980 0.1248
0.9206 0.2683 0.9035 0.0964
0.9206 0.0556 0.8958 0.1279
0.9206 0.5946 0.9142 0.0449
0.9206 0.0556 0.9033 0.1211
0.9206 0.0103 0.9084 0.0955
0.9206 0.0556 0.9087 0.0917
0.9206 0.0021 0.8641 0.1998
0.9206 0.0556 0.8920 0.1326
0.9206 0.0189 0.9019 0.1261
0.9206 0.0103 0.8668 0.1993
0.9206 0.0117 0.8958 0.1302
0.9206 0.8276 0.9190 0.0104
0.9206 0.0103 0.8924 0.1522
0.9206 0.8852 0.9199 0.0050
0.9206 0.0556 0.9010 0.1213
0.9206 0.0117 0.9092 0.0909
