1.5443 0.0003 0.1459 0.2106
2.1249 0.0479 0.4082 0.5166
2.1818 0.0151 0.9550 0.6253
2.2442 0.0622 1.3537 0.4766
2.2442 0.0003 1.4492 0.4467
2.2442 0.6689 1.6199 0.3485
2.2442 0.0893 1.6384 0.3882
2.2442 0.3311 1.6980 0.3866
2.2442 0.0594 1.7152 0.4148
2.2442 1.1847 1.7790 0.2857
2.2513 0.0091 1.7614 0.3852
2.2540 0.0119 1.8443 0.3884
2.2617 0.1842 1.9261 0.3465
2.2753 1.3134 1.9845 0.2609
2.4098 0.6888 2.0068 0.2734
2.4098 0.0736 2.0209 0.3479
2.4098 0.7907 2.0507 0.2551
2.4098 1.2655 2.0337 0.2444
2.4098 1.1847 2.0500 0.2508
2.4098 1.1847 2.0696 0.2628
2.4147 1.2023 2.0955 0.2193
2.4288 1.2836 2.1143 0.1743
2.4288 1.2836 2.1392 0.1182
2.2567 1.9029 2.1483 0.0651
2.2772 1.8968 2.1510 0.0572
2.2772 1.8968 2.1532 0.0652
2.3048 1.9115 2.1543 0.0710
2.3048 1.1979 2.1471 0.1156
2.3048 0.0014 2.0918 0.3513
2.3048 1.1754 2.1421 0.1746
2.3048 0.0893 2.1317 0.2369
2.3048 2.0148 2.1676 0.0599
2.3048 2.0298 2.1661 0.0547
2.3048 2.0240 2.1743 0.0557
2.3048 1.7794 2.1709 0.0669
2.3396 2.1249 2.1738 0.0564
2.3396 0.1842 2.1618 0.2082
2.3396 2.1249 2.1914 0.0616
2.3396 2.0240 2.1889 0.0630
2.3396 1.2201 2.1789 0.1124
2.3782 2.1249 2.1972 0.0621
2.3782 0.0893 2.1746 0.2218
2.3782 1.2064 2.1970 0.1191
2.3782 1.1416 2.1761 0.1664
2.4437 1.1442 2.1850 0.1392
2.4437 1.7817 2.1956 0.0922
2.4437 0.0985 2.1584 0.3060
2.4437 0.8663 2.2038 0.1499
2.4437 0.8416 2.1790 0.2458
2.4437 1.9377 2.2207 0.0698
2.4437 1.8756 2.2247 0.0863
2.4437 1.8756 2.2115 0.0968
2.4437 1.8934 2.2352 0.0994
2.4437 1.7794 2.2350 0.1019
2.4437 0.0985 2.2122 0.2291
2.4437 0.0594 2.2083 0.2550
2.5128 1.9185 2.2354 0.0858
2.6689 0.0014 2.2205 0.2444
2.6689 1.2118 2.2330 0.1589
2.6689 1.9285 2.2631 0.1335
2.6689 1.9876 2.2579 0.1524
2.6689 1.2655 2.2491 0.1843
2.6689 1.8161 2.2606 0.1696
2.6689 0.1151 2.2763 0.3203
2.6689 0.8746 2.3142 0.2279
2.6689 0.0893 2.3156 0.2972
2.6689 2.0337 2.3581 0.2012
2.6689 1.9497 2.3692 0.2005
2.6689 1.9377 2.4010 0.1922
2.6689 2.0598 2.4128 0.1826
2.6689 2.1514 2.4255 0.1854
2.6689 2.1514 2.4472 0.1895
2.6689 0.0091 2.4277 0.3088
2.6689 0.1151 2.4388 0.3127
2.6689 1.2583 2.4663 0.2448
2.6689 0.0014 2.4366 0.3689
2.6689 1.2583 2.4766 0.2936
2.6689 1.2090 2.4818 0.2957
2.6689 1.2583 2.4779 0.2869
2.6689 1.5126 2.5096 0.2125
2.6689 1.6592 2.5083 0.2067
2.6689 2.1286 2.5398 0.1412
2.6689 0.8746 2.5637 0.2030
2.6689 0.8746 2.5582 0.2093
2.6689 2.3396 2.5966 0.0956
2.6689 2.3396 2.5975 0.1001
2.6689 2.3157 2.5813 0.1061
2.6689 2.0714 2.5878 0.1213
2.6689 2.0714 2.5788 0.1223
2.6689 2.0714 2.5791 0.1366
2.6689 2.0598 2.5773 0.1406
2.6689 2.0714 2.5800 0.1449
2.6689 2.0714 2.5967 0.1130
2.6689 2.1433 2.6163 0.0919
2.6689 2.3396 2.6283 0.0776
2.6689 2.4129 2.6386 0.0628
2.6689 1.8501 2.6340 0.0973
2.6689 1.8501 2.6204 0.1208
2.6689 2.1818 2.6292 0.0809
2.6689 0.1842 2.5817 0.2688
