0.5768 0.0001 0.0276 0.0600
0.5879 0.0001 0.1130 0.1876
0.5879 0.0001 0.3355 0.2404
0.5879 0.0123 0.4726 0.1645
0.6389 0.0113 0.4817 0.1558
0.6389 0.0001 0.5073 0.1477
0.6389 0.0113 0.5144 0.1365
0.6389 0.0726 0.5328 0.1115
0.6389 0.0053 0.5002 0.1587
0.6389 0.1116 0.5561 0.0816
0.6389 0.0113 0.5438 0.1025
0.6389 0.0029 0.5480 0.1018
0.6389 0.1066 0.5481 0.1003
0.6389 0.1044 0.5532 0.0831
0.6389 0.0053 0.5493 0.1021
0.6389 0.3693 0.5681 0.0443
0.6389 0.0053 0.5506 0.0974
0.6389 0.0113 0.5571 0.0910
0.6389 0.0207 0.5566 0.0742
0.6389 0.0113 0.5502 0.0945
0.6389 0.0207 0.5600 0.0829
0.6389 0.0053 0.5647 0.0820
0.6389 0.3245 0.5727 0.0505
0.6389 0.3245 0.5784 0.0468
0.6389 0.3245 0.5749 0.0465
0.6389 0.0029 0.5500 0.1136
0.6389 0.1066 0.5634 0.0772
0.6389 0.0053 0.5636 0.0933
0.6389 0.0113 0.5738 0.0598
0.6389 0.0053 0.5553 0.1076
0.6389 0.0207 0.5611 0.1074
0.6389 0.0207 0.5752 0.0691
0.6389 0.0207 0.5684 0.0975
0.6389 0.2265 0.5810 0.0519
0.6389 0.0243 0.5705 0.0920
0.6389 0.1068 0.5809 0.0716
0.6389 0.1068 0.5724 0.0924
0.6389 0.0029 0.5640 0.1301
0.6389 0.0053 0.5687 0.1128
0.6389 0.0207 0.5864 0.0787
0.6389 0.0207 0.5833 0.0814
0.6389 0.0029 0.5810 0.0910
0.6389 0.0243 0.5824 0.0680
0.6389 0.0053 0.5784 0.0907
0.6389 0.0052 0.5808 0.0920
0.6389 0.0053 0.5861 0.0874
0.6389 0.0029 0.5904 0.0933
0.6389 0.2265 0.6030 0.0627
0.6389 0.0214 0.5864 0.1023
0.6389 0.1117 0.5975 0.0705
0.6389 0.3514 0.6058 0.0370
0.6389 0.0051 0.5935 0.0846
0.6389 0.0029 0.5944 0.0961
0.6389 0.2235 0.6052 0.0484
0.6389 0.3693 0.6013 0.0463
0.6389 0.0113 0.6005 0.0772
0.6389 0.0207 0.6015 0.0883
0.6389 0.0997 0.6082 0.0584
0.6389 0.1116 0.6030 0.0755
0.6389 0.5688 0.6172 0.0269
0.6389 0.5517 0.6187 0.0263
0.6389 0.0113 0.6158 0.0660
0.6389 0.0053 0.6009 0.0957
0.6389 0.0567 0.5975 0.1018
0.6389 0.1076 0.6136 0.0673
0.6389 0.0212 0.6097 0.0790
0.6389 0.0053 0.6142 0.0713
0.6389 0.0053 0.5945 0.1189
0.6389 0.0113 0.6054 0.1067
0.6389 0.0053 0.6027 0.1061
0.6389 0.0052 0.6123 0.0788
0.6389 0.0053 0.5986 0.1040
0.6389 0.1116 0.6121 0.0689
0.6389 0.0207 0.6021 0.1082
0.7130 0.0207 0.6033 0.1087
0.7130 0.0029 0.6033 0.1063
0.7130 0.1076 0.6142 0.0782
0.8640 0.0051 0.6037 0.1189
0.8640 0.0029 0.5941 0.1400
0.8640 0.0113 0.5862 0.1424
0.8640 0.0053 0.5903 0.1493
0.8640 0.0482 0.5752 0.1605
0.8640 0.0005 0.5587 0.1876
0.8640 0.0029 0.5715 0.1830
0.8640 0.0029 0.5797 0.1691
0.8640 0.0056 0.6004 0.1351
0.8640 0.0212 0.6096 0.1105
0.8640 0.1378 0.6137 0.0860
0.8640 0.1076 0.6160 0.0842
0.8640 0.0567 0.6139 0.0877
0.8640 0.0053 0.5765 0.1626
0.8640 0.0208 0.6128 0.0989
0.8640 0.0113 0.6068 0.1217
0.8640 0.0004 0.6005 0.1185
0.8640 0.0214 0.5892 0.1381
0.8640 0.0052 0.6064 0.1106
0.8640 0.0113 0.6147 0.0941
0.8640 0.0404 0.6110 0.1017
0.8640 0.1076 0.6173 0.0719
0.8640 0.0113 0.6074 0.1045
