3.9999 0.2474 0.9698 0.9927
4.4086 0.2474 2.0122 1.0447
4.4086 0.2474 2.4558 0.7942
4.5118 0.2474 2.6980 0.9140
4.5118 1.4677 3.1736 0.7574
4.5118 1.6219 3.2646 0.6858
4.7835 0.5020 3.3333 0.8526
5.0936 0.5880 3.4300 0.8003
5.0936 1.7119 3.6327 0.6894
5.5238 2.4708 3.8309 0.6478
5.8558 2.0256 3.8774 0.6978
5.8558 2.8699 3.9929 0.6170
5.8558 0.2900 4.0363 0.8476
5.8558 1.8379 4.1172 0.7033
5.8558 1.7064 4.2217 0.7269
5.8558 2.8231 4.3236 0.6975
5.8939 2.4583 4.5443 0.7569
5.8939 3.5302 4.6957 0.6451
5.8939 2.9649 4.7437 0.6333
5.9478 2.6841 4.8262 0.6017
5.9478 3.7208 4.9060 0.5548
5.9478 3.8550 4.9052 0.5165
5.9478 2.2270 4.8553 0.6426
5.9478 2.2270 4.8231 0.6393
5.9478 2.4779 4.9686 0.5984
5.9478 3.5917 5.0564 0.5121
5.9478 3.6354 5.1819 0.5238
5.9478 3.4052 5.1985 0.5461
5.9478 3.2880 5.2755 0.5604
5.9478 2.0378 5.3448 0.6341
5.9478 3.2271 5.3745 0.4845
5.9478 3.6170 5.3705 0.4139
5.9478 3.6170 5.4038 0.3961
5.9478 3.6543 5.3819 0.4208
5.9478 4.3599 5.4125 0.3690
5.9478 4.4452 5.4534 0.3347
5.9478 4.0778 5.4266 0.3766
5.9478 3.5022 5.4609 0.4267
5.9478 4.3115 5.5035 0.3476
5.9478 4.3111 5.5307 0.3633
5.9478 3.4419 5.5043 0.4374
5.9478 3.4419 5.4621 0.5343
5.9478 3.6207 5.5044 0.4205
5.9478 2.4684 5.4695 0.4668
5.9478 4.5164 5.5785 0.2549
5.9478 3.5917 5.5599 0.3267
5.9478 4.5164 5.5250 0.2926
5.9478 4.9024 5.5845 0.2341
5.9478 4.9024 5.6035 0.2654
5.9478 3.4198 5.5797 0.3380
5.9478 3.4198 5.5502 0.3591
5.9478 3.3792 5.6049 0.3431
5.9478 4.2468 5.5965 0.2737
5.9478 3.5917 5.5468 0.3304
5.9478 4.3115 5.5310 0.3269
5.9478 4.4447 5.5373 0.3078
5.9478 4.4581 5.5289 0.2585
5.9478 4.2384 5.5269 0.2814
5.9478 5.0254 5.5949 0.2576
5.9478 5.0002 5.6148 0.2554
6.0161 5.2293 5.6728 0.2375
6.0161 5.2293 5.6568 0.2512
6.0161 4.8730 5.6840 0.2612
6.0161 4.8730 5.6894 0.2628
6.0161 5.0588 5.7266 0.2353
6.0161 5.0588 5.6917 0.2467
6.0161 5.0588 5.6798 0.2522
6.0161 3.5359 5.6665 0.3344
6.0161 5.1991 5.7419 0.2178
6.0161 4.8572 5.7503 0.2431
6.0161 3.2271 5.7177 0.4221
6.0161 4.6160 5.8079 0.2561
6.0161 4.9616 5.8044 0.2382
6.0161 3.5691 5.8112 0.3043
6.0161 3.5691 5.8188 0.3030
6.0161 2.0378 5.8385 0.4226
6.0161 5.3259 5.8808 0.1862
6.0161 3.6781 5.8766 0.2717
6.0161 4.3111 5.8842 0.2200
6.0161 4.3111 5.8997 0.2069
6.0161 4.3111 5.8676 0.2286
6.0161 4.3111 5.8712 0.2675
6.0719 4.1535 5.8787 0.2624
6.0719 4.1535 5.9029 0.2017
6.0719 5.5325 5.9419 0.0774
6.0719 5.5325 5.9342 0.0994
6.0719 5.5325 5.9556 0.0566
6.0719 5.5325 5.9577 0.0575
6.0719 5.5440 5.9690 0.0576
6.0719 5.3451 5.9611 0.0940
6.0719 5.7849 5.9691 0.0440
6.0719 5.9478 5.9734 0.0406
6.0719 5.5925 5.9603 0.0743
6.0719 5.5925 5.9582 0.0738
6.0719 5.5286 5.9618 0.0832
6.0719 3.5691 5.9195 0.2960
6.0719 5.2473 5.9573 0.0940
6.0719 5.5325 5.9778 0.0672
6.0719 5.5325 5.9848 0.0685
6.0719 5.9478 5.9916 0.0529
