0.0182 0.0033 0.0070 0.0016
0.6239 0.0016 0.0135 0.0614
0.9000 0.0002 0.2059 0.3017
0.9680 0.0007 0.6257 0.2004
0.9680 0.0068 0.6591 0.1826
0.9680 0.0007 0.6539 0.1899
0.9680 0.0788 0.6929 0.1147
0.9680 0.0058 0.7121 0.1346
0.9680 0.0034 0.7311 0.1384
0.9680 0.0068 0.7397 0.1198
0.9727 0.0068 0.7399 0.1642
0.9727 0.0058 0.7598 0.1610
0.9727 0.0058 0.7830 0.1283
0.9727 0.0068 0.7574 0.1763
0.9727 0.0058 0.7685 0.1740
0.9727 0.0002 0.7790 0.1791
0.9727 0.0068 0.7897 0.1694
0.9727 0.6239 0.8155 0.0965
0.9727 0.0068 0.7722 0.1686
0.9727 0.0068 0.7809 0.1782
0.9727 0.0068 0.7410 0.2418
0.9727 0.6239 0.7982 0.1187
0.9727 0.0068 0.7701 0.1718
0.9727 0.0062 0.7658 0.2065
0.9727 0.0182 0.8051 0.1443
0.9727 0.0068 0.7844 0.1977
0.9815 0.0026 0.8287 0.1487
0.9815 0.0068 0.8142 0.1898
0.9815 0.0266 0.8413 0.1511
0.9815 0.0068 0.8597 0.1689
0.9815 0.0068 0.8443 0.2188
0.9815 0.0068 0.8703 0.1838
0.9815 0.0068 0.8718 0.2143
0.9815 0.0007 0.8998 0.1714
0.9815 0.0003 0.9228 0.1091
0.9815 0.0068 0.9176 0.1128
0.9815 0.0182 0.9131 0.1105
0.9815 0.0068 0.9039 0.1461
0.9815 0.0182 0.9141 0.1091
0.9815 0.0068 0.9264 0.0963
0.9815 0.0068 0.8988 0.1826
0.9815 0.0182 0.9245 0.0989
0.9815 0.0068 0.9193 0.1320
0.9815 0.0182 0.9274 0.0984
0.9815 0.0068 0.9031 0.1834
0.9815 0.0068 0.9065 0.1836
0.9815 0.0182 0.9016 0.1815
0.9815 0.8750 0.9341 0.0213
0.9815 0.0068 0.8775 0.2193
0.9815 0.0068 0.9063 0.1592
0.9815 0.0068 0.9181 0.1315
0.9815 0.0068 0.9102 0.1599
0.9815 0.0068 0.9131 0.1608
0.9815 0.0068 0.9001 0.1857
0.9815 0.0068 0.9026 0.1859
0.9815 0.0068 0.9237 0.1355
0.9815 0.0068 0.9112 0.1670
0.9815 0.0068 0.9335 0.1050
0.9815 0.0068 0.9325 0.1022
0.9815 0.0068 0.8934 0.2111
0.9815 0.0068 0.8999 0.1925
0.9815 0.0068 0.9191 0.1633
0.9815 0.0068 0.9348 0.1066
0.9815 0.0182 0.9299 0.1108
0.9815 0.0068 0.9284 0.1374
0.9815 0.0068 0.9246 0.1619
0.9815 0.0068 0.9354 0.1336
0.9815 0.0068 0.9166 0.1863
0.9815 0.0068 0.9094 0.2070
0.9815 0.7657 0.9573 0.0271
0.9815 0.0068 0.9434 0.1117
0.9815 0.0182 0.9508 0.0962
0.9815 0.6772 0.9612 0.0337
0.9815 0.0182 0.9505 0.0996
0.9815 0.0068 0.9318 0.1647
0.9862 0.0182 0.9533 0.0975
0.9862 0.0068 0.9463 0.1025
0.9862 0.0068 0.9529 0.0997
0.9862 0.7279 0.9625 0.0305
0.9907 0.0068 0.9415 0.1366
0.9907 0.0068 0.9337 0.1654
0.9907 0.7016 0.9589 0.0390
0.9907 0.0068 0.9527 0.1009
0.9907 0.0068 0.9328 0.1675
0.9907 0.0069 0.9418 0.1402
0.9907 0.6500 0.9608 0.0455
0.9907 0.0068 0.9595 0.0999
0.9907 0.0068 0.9471 0.1355
0.9907 0.7514 0.9654 0.0310
0.9907 0.0068 0.9485 0.1378
0.9907 0.7586 0.9677 0.0357
0.9907 0.6500 0.9669 0.0470
0.9907 0.0068 0.9611 0.1029
0.9907 0.0068 0.9635 0.0984
0.9907 0.0068 0.9349 0.1888
0.9907 0.0068 0.9424 0.1654
0.9907 0.0182 0.9615 0.1006
0.9907 0.0069 0.9576 0.1038
0.9907 0.7456 0.9698 0.0365
0.9907 0.0055 0.9472 0.1669
0.0182 0.0019 0.0069 0.0015
0.4234 0.0068 0.0115 0.0415
0.7219 0.0068 0.0609 0.1530
0.7219 0.0068 0.4398 0.2457
0.7219 0.0068 0.5524 0.2144
0.9615 0.0068 0.6361 0.1481
0.9763 0.0068 0.6525 0.1518
0.9811 0.0068 0.6879 0.1560
0.9811 0.3636 0.7322 0.1471
0.9811 0.0068 0.7471 0.1865
0.9811 0.0068 0.7946 0.1877
0.9859 0.0068 0.8008 0.1619
0.9859 0.0068 0.8463 0.1824
0.9859 0.0182 0.8521 0.1827
0.9859 0.0068 0.8620 0.1819
0.9859 0.0068 0.8679 0.2186
0.9859 0.0068 0.8917 0.1690
0.9859 0.0068 0.9023 0.1487
0.9907 0.0068 0.8979 0.1847
0.9907 0.0182 0.9075 0.1615
0.9907 0.0068 0.9022 0.1798
0.9907 0.0068 0.9113 0.1731
0.9907 0.6909 0.9583 0.0632
0.9907 0.0068 0.9464 0.1116
0.9907 0.0182 0.9447 0.1114
0.9907 0.0068 0.9247 0.1536
0.9907 0.0068 0.9436 0.1167
0.9907 0.7219 0.9493 0.0696
0.9907 0.0068 0.9209 0.1778
0.9907 0.0068 0.9215 0.1765
0.9907 0.6242 0.9424 0.0841
0.9907 0.6988 0.9572 0.0681
0.9907 0.0068 0.9439 0.1464
0.9907 0.0068 0.9471 0.1459
0.9907 0.0068 0.9503 0.1173
0.9907 0.0068 0.9274 0.1811
0.9907 0.0068 0.9518 0.1428
0.9907 0.9036 0.9792 0.0120
0.9907 0.0068 0.9448 0.1678
0.9907 0.0068 0.9632 0.1048
0.9907 0.0068 0.9436 0.1692
0.9907 0.0068 0.9498 0.1405
0.9907 0.0068 0.9567 0.1080
0.9907 0.0068 0.9424 0.1672
0.9907 0.5000 0.9671 0.0591
0.9907 0.0182 0.9424 0.1670
0.9907 0.0182 0.9603 0.1033
0.9907 0.0068 0.9390 0.1697
0.9907 0.7294 0.9692 0.0325
0.9907 0.0068 0.9637 0.0980
0.9907 0.0068 0.9629 0.0984
0.9907 0.0068 0.9439 0.1656
0.9907 0.0068 0.9625 0.1000
0.9907 0.7294 0.9625 0.0491
0.9907 0.0068 0.9499 0.1063
0.9907 0.0068 0.9381 0.1667
0.9907 0.6909 0.9636 0.0442
0.9907 0.0068 0.9398 0.1677
0.9907 0.0068 0.9507 0.1379
0.9907 0.0068 0.9523 0.1375
0.9907 0.0068 0.9630 0.0999
0.9907 0.8387 0.9739 0.0246
0.9907 0.0068 0.9458 0.1659
0.9907 0.8197 0.9772 0.0235
0.9907 0.0068 0.9605 0.1372
0.9907 0.0068 0.9485 0.1658
0.9907 0.0068 0.9388 0.1902
0.9907 0.0068 0.9460 0.1670
0.9907 0.0068 0.9478 0.1651
0.9907 0.0182 0.9672 0.0968
0.9907 0.0068 0.9355 0.1912
0.9907 0.0068 0.9437 0.1734
0.9907 0.0068 0.9596 0.1390
0.9907 0.0068 0.9488 0.1668
0.9907 0.6667 0.9748 0.0423
0.9907 0.0068 0.9600 0.1381
0.9907 0.0068 0.9723 0.0977
0.9907 0.0068 0.9526 0.1672
0.9907 0.0068 0.9358 0.1939
0.9907 0.0068 0.9551 0.1399
0.9907 0.0182 0.9648 0.1024
0.9907 0.0182 0.9680 0.1017
0.9907 0.0068 0.9460 0.1915
0.9907 0.0068 0.9769 0.0979
0.9907 0.0068 0.9529 0.1688
0.9907 0.0068 0.9368 0.2137
0.9907 0.0182 0.9497 0.1679
0.9907 0.0182 0.9696 0.1030
0.9907 0.0182 0.9750 0.0972
0.9907 0.0068 0.9645 0.1395
0.9907 0.0068 0.9652 0.1377
0.9907 0.0068 0.9500 0.1692
0.9907 0.0068 0.9538 0.1685
0.9907 0.0068 0.9572 0.1413
0.9907 0.0068 0.9567 0.1404
0.9907 0.0068 0.9596 0.1390
0.9907 0.0068 0.9702 0.1006
0.9907 0.5882 0.9791 0.0429
0.9907 0.0182 0.9618 0.1185
0.9907 0.0068 0.9688 0.1058
0.0182 0.0001 0.0072 0.0042
0.0182 0.0001 0.0090 0.0051
0.0182 0.0001 0.0119 0.0058
0.0182 0.0001 0.0143 0.0056
0.0182 0.0001 0.0161 0.0045
0.0182 0.0003 0.0173 0.0033
0.0182 0.0070 0.0179 0.0016
0.0182 0.0068 0.0180 0.0016
0.0182 0.0068 0.0179 0.0018
0.0182 0.0182 0.0182 0.0000
0.0182 0.0182 0.0182 0.0000
0.0182 0.0182 0.0182 0.0000
0.0182 0.0088 0.0181 0.0009
0.0182 0.0182 0.0182 0.0000
0.0182 0.0182 0.0182 0.0000
0.0182 0.0002 0.0179 0.0021
0.0182 0.0182 0.0182 0.0000
0.0182 0.0182 0.0182 0.0000
0.0182 0.0182 0.0182 0.0000
0.0182 0.0068 0.0180 0.0015
0.0182 0.0068 0.0180 0.0016
0.0182 0.0001 0.0179 0.0021
0.0182 0.0182 0.0182 0.0000
0.0182 0.0182 0.0182 0.0000
0.0182 0.0002 0.0177 0.0026
0.0182 0.0001 0.0175 0.0035
0.0182 0.0001 0.0176 0.0031
0.0182 0.0099 0.0181 0.0008
0.0182 0.0071 0.0180 0.0014
0.0182 0.0182 0.0182 0.0000
0.0182 0.0003 0.0180 0.0018
0.0182 0.0182 0.0182 0.0000
0.0182 0.0068 0.0181 0.0011
0.0182 0.0182 0.0182 0.0000
0.0182 0.0079 0.0181 0.0010
0.0182 0.0068 0.0181 0.0011
0.0182 0.0068 0.0180 0.0015
0.0182 0.0068 0.0181 0.0011
0.0182 0.0182 0.0182 0.0000
0.0182 0.0068 0.0179 0.0019
0.0182 0.0182 0.0182 0.0000
0.0182 0.0182 0.0182 0.0000
0.0182 0.0182 0.0182 0.0000
0.0182 0.0068 0.0181 0.0011
0.0182 0.0001 0.0178 0.0025
0.0182 0.0182 0.0182 0.0000
0.0182 0.0003 0.0180 0.0018
0.0182 0.0182 0.0182 0.0000
0.0182 0.0068 0.0181 0.0011
0.0182 0.0068 0.0181 0.0011
0.0182 0.0182 0.0182 0.0000
0.0182 0.0074 0.0181 0.0011
0.0182 0.0022 0.0178 0.0022
0.0182 0.0182 0.0182 0.0000
0.0182 0.0079 0.0181 0.0010
0.0182 0.0068 0.0180 0.0016
0.0182 0.0182 0.0182 0.0000
0.0182 0.0002 0.0179 0.0021
0.0182 0.0068 0.0179 0.0019
0.0182 0.0071 0.0179 0.0018
0.0182 0.0070 0.0180 0.0015
0.0182 0.0001 0.0179 0.0021
0.0182 0.0071 0.0181 0.0011
0.0182 0.0082 0.0181 0.0010
0.0182 0.0182 0.0182 0.0000
0.0182 0.0182 0.0182 0.0000
0.0182 0.0068 0.0180 0.0016
0.0182 0.0068 0.0179 0.0019
0.0182 0.0068 0.0181 0.0011
0.0182 0.0068 0.0180 0.0016
0.0182 0.0182 0.0182 0.0000
0.0182 0.0182 0.0182 0.0000
0.0182 0.0068 0.0180 0.0014
0.0182 0.0182 0.0182 0.0000
0.0182 0.0182 0.0182 0.0000
0.0182 0.0182 0.0182 0.0000
0.0182 0.0068 0.0181 0.0011
0.0182 0.0068 0.0179 0.0019
0.0182 0.0182 0.0182 0.0000
0.0182 0.0182 0.0182 0.0000
0.0182 0.0070 0.0181 0.0011
0.0182 0.0182 0.0182 0.0000
0.0182 0.0182 0.0182 0.0000
0.0182 0.0182 0.0182 0.0000
0.0182 0.0001 0.0180 0.0018
0.0182 0.0182 0.0182 0.0000
0.0182 0.0082 0.0181 0.0010
0.0182 0.0082 0.0181 0.0010
0.0182 0.0182 0.0182 0.0000
0.0182 0.0068 0.0180 0.0016
0.0182 0.0182 0.0182 0.0000
0.0182 0.0182 0.0182 0.0000
0.0182 0.0182 0.0182 0.0000
0.0182 0.0182 0.0182 0.0000
0.0182 0.0182 0.0182 0.0000
0.0182 0.0182 0.0182 0.0000
0.0182 0.0072 0.0181 0.0011
0.0182 0.0001 0.0180 0.0018
0.0182 0.0001 0.0180 0.0018
0.0182 0.0182 0.0182 0.0000
0.0182 0.0016 0.0072 0.0024
0.0182 0.0009 0.0073 0.0026
0.5753 0.0014 0.0134 0.0566
0.8800 0.0008 0.1385 0.2460
0.9307 0.0002 0.5120 0.2117
0.9307 0.0003 0.5791 0.1158
0.9307 0.0068 0.5779 0.1265
0.9550 0.0068 0.6009 0.1360
0.9550 0.0068 0.6134 0.1323
0.9550 0.4875 0.6613 0.1177
0.9550 0.0003 0.6751 0.1892
0.9554 0.0012 0.7006 0.1842
0.9630 0.0182 0.7189 0.1924
0.9630 0.0012 0.7574 0.2083
0.9630 0.0068 0.8032 0.1771
0.9630 0.5753 0.8244 0.1549
0.9630 0.5753 0.8620 0.1362
0.9630 0.0068 0.8667 0.1548
0.9630 0.0068 0.8719 0.1844
0.9630 0.0182 0.8972 0.1278
0.9630 0.0068 0.8980 0.1484
0.9630 0.5753 0.9156 0.0785
0.9630 0.0068 0.8963 0.1514
0.9630 0.5978 0.9304 0.0553
0.9630 0.0182 0.9234 0.1063
0.9630 0.0068 0.8953 0.1866
0.9630 0.0068 0.9291 0.0963
0.9630 0.0182 0.9318 0.0923
0.9630 0.0068 0.9130 0.1458
0.9630 0.0168 0.9100 0.1487
0.9630 0.0182 0.9166 0.1282
0.9630 0.0068 0.8886 0.2110
0.9630 0.0182 0.9281 0.0957
0.9630 0.0068 0.9129 0.1431
0.9630 0.0182 0.9205 0.1367
0.9630 0.0068 0.9246 0.1309
0.9630 0.0068 0.9367 0.0943
0.9720 0.0068 0.9391 0.0943
0.9720 0.0068 0.9224 0.1396
0.9720 0.0068 0.9326 0.1043
0.9720 0.0068 0.9183 0.1604
0.9720 0.0068 0.9083 0.1834
0.9720 0.0068 0.9089 0.1720
0.9720 0.0182 0.9329 0.1046
0.9765 0.0013 0.9262 0.1168
0.9765 0.0182 0.9195 0.1232
0.9765 0.0012 0.9041 0.1625
0.9765 0.0068 0.9078 0.1505
0.9765 0.0182 0.9107 0.1453
0.9765 0.0068 0.8776 0.1974
0.9765 0.0182 0.9188 0.1043
0.9765 0.0012 0.8979 0.1686
0.9765 0.7442 0.9375 0.0415
0.9765 0.7698 0.9410 0.0382
0.9765 0.0068 0.8993 0.1746
0.9765 0.0013 0.9103 0.1457
0.9765 0.0068 0.8998 0.1877
0.9765 0.0014 0.9156 0.1635
0.9765 0.0068 0.9339 0.1012
0.9765 0.0068 0.9226 0.1370
0.9765 0.0012 0.9201 0.1366
0.9765 0.0182 0.9259 0.1039
0.9765 0.7698 0.9371 0.0437
0.9815 0.0182 0.9297 0.1042
0.9815 0.0182 0.9306 0.1028
0.9907 0.0068 0.9089 0.1659
0.9907 0.0018 0.9344 0.1000
0.9907 0.0182 0.9403 0.0973
0.9907 0.0013 0.9319 0.1272
0.9907 0.0004 0.9138 0.1873
0.9907 0.0014 0.9180 0.1632
0.9907 0.0068 0.9163 0.1648
0.9907 0.0068 0.9112 0.1878
0.9907 0.0182 0.9273 0.1374
0.9907 0.0068 0.8937 0.2070
0.9907 0.0182 0.9130 0.1455
0.9907 0.7039 0.9488 0.0354
0.9907 0.0068 0.9111 0.1879
0.9907 0.0068 0.9254 0.1417
0.9907 0.0182 0.9398 0.1007
0.9907 0.6257 0.9412 0.0498
0.9907 0.0017 0.9049 0.1904
0.9907 0.1032 0.9287 0.1023
0.9907 0.0068 0.9367 0.1068
0.9907 0.0068 0.9424 0.1012
0.9907 0.0182 0.9308 0.1391
0.9907 0.0068 0.9250 0.1638
0.9907 0.0068 0.9365 0.1340
0.9907 0.0011 0.9278 0.1638
0.9907 0.0068 0.9164 0.1864
0.9907 0.0068 0.9374 0.1035
0.9907 0.0068 0.9432 0.0969
0.9907 0.0182 0.9473 0.0951
0.9907 0.0182 0.9455 0.0954
0.9907 0.0182 0.9341 0.1324
0.9907 0.0068 0.9329 0.1339
0.9907 0.0182 0.9396 0.1027
0.9907 0.0182 0.9388 0.1025
0.9907 0.0182 0.9315 0.1336
0.9907 0.6426 0.9469 0.0490
0.9036 0.0004 0.0446 0.1504
0.9593 0.0003 0.4267 0.3630
0.9615 0.0068 0.6342 0.3168
0.9665 0.0068 0.6750 0.3034
0.9665 0.0068 0.7834 0.2117
0.9665 0.0068 0.7481 0.2571
0.9665 0.0068 0.7353 0.2662
0.9665 0.0068 0.7554 0.2547
0.9665 0.0068 0.7330 0.2888
0.9665 0.0016 0.6647 0.3467
0.9665 0.0068 0.7423 0.2669
0.9665 0.0068 0.7134 0.2966
0.9665 0.0023 0.7503 0.2682
0.9665 0.0068 0.8070 0.1810
0.9665 0.0068 0.8178 0.2026
0.9765 0.0068 0.7469 0.2953
0.9815 0.0068 0.8081 0.2041
0.9815 0.0068 0.7354 0.2828
0.9815 0.0068 0.7743 0.2620
0.9815 0.0068 0.8053 0.2228
0.9907 0.0068 0.8204 0.1911
0.9907 0.0068 0.8497 0.1538
0.9907 0.0068 0.8347 0.1976
0.9907 0.0068 0.8450 0.1852
0.9907 0.0068 0.8065 0.2230
0.9907 0.0068 0.8415 0.1890
0.9907 0.0068 0.8601 0.1396
0.9907 0.0068 0.8232 0.2128
0.9907 0.0068 0.7964 0.2204
0.9907 0.0068 0.8004 0.2426
0.9907 0.0068 0.8064 0.2543
0.9907 0.0068 0.8260 0.2299
0.9907 0.0068 0.8098 0.2361
0.9907 0.0182 0.8606 0.1547
0.9907 0.0068 0.8377 0.2113
0.9907 0.0068 0.8893 0.1218
0.9907 0.4789 0.9070 0.0799
0.9907 0.0182 0.8991 0.1486
0.9907 0.0319 0.9107 0.1295
0.9907 0.0068 0.8935 0.1844
0.9907 0.0182 0.9166 0.1170
0.9907 0.3919 0.9311 0.0616
0.9907 0.5882 0.9310 0.0442
0.9907 0.0616 0.9241 0.0894
0.9907 0.0182 0.9234 0.0934
0.9907 0.6062 0.9277 0.0404
0.9907 0.0068 0.9218 0.0957
0.9907 0.0182 0.9211 0.0954
0.9907 0.0182 0.9140 0.1108
0.9907 0.0182 0.9180 0.1038
0.9907 0.5000 0.9269 0.0508
0.9907 0.5306 0.9280 0.0490
0.9907 0.2992 0.9237 0.0679
0.9907 0.0182 0.9124 0.1137
0.9907 0.0068 0.8873 0.1806
0.9907 0.0068 0.9061 0.1320
0.9907 0.0182 0.9083 0.1136
0.9907 0.0182 0.8968 0.1568
0.9907 0.7514 0.9190 0.0442
0.9907 0.0182 0.9120 0.1009
0.9907 0.0182 0.8983 0.1375
0.9907 0.0182 0.8972 0.1343
0.9907 0.0182 0.9060 0.1015
0.9907 0.0182 0.9057 0.1095
0.9907 0.0068 0.8974 0.1600
0.9907 0.0172 0.9233 0.0972
0.9907 0.7897 0.9385 0.0321
0.9907 0.6062 0.9308 0.0509
0.9907 0.6948 0.9389 0.0419
0.9907 0.0182 0.9185 0.1378
0.9907 0.6276 0.9431 0.0457
0.9907 0.0182 0.9260 0.1434
0.9907 0.0068 0.9456 0.0976
0.9907 0.0182 0.9447 0.0965
0.9907 0.0182 0.9501 0.0986
0.9907 0.0182 0.9517 0.0967
0.9907 0.9145 0.9633 0.0235
0.9907 0.0182 0.9490 0.1112
0.9907 0.5103 0.9572 0.0505
0.9907 0.6114 0.9570 0.0414
0.9907 0.0182 0.9469 0.1045
0.9907 0.0068 0.9324 0.1415
0.9907 0.4234 0.9573 0.0594
0.9907 0.8664 0.9617 0.0256
0.9907 0.4234 0.9587 0.0593
0.9907 0.0182 0.9556 0.0972
0.9907 0.4234 0.9592 0.0589
0.9907 0.0182 0.9370 0.1474
0.9907 0.4348 0.9525 0.0742
0.9907 0.8571 0.9704 0.0233
0.9907 0.7509 0.9692 0.0307
0.9907 0.0182 0.9620 0.0991
0.9907 0.5503 0.9634 0.0564
0.9907 0.5879 0.9609 0.0581
0.9907 0.7456 0.9658 0.0494
0.9907 0.7405 0.9692 0.0431
0.9907 0.7456 0.9661 0.0437
0.9907 0.2000 0.9524 0.0990
0.9907 0.7442 0.9592 0.0608
0.9907 0.7354 0.9639 0.0535
0.9254 0.0002 0.0606 0.1868
0.9683 0.0008 0.5680 0.3689
0.9683 0.0068 0.7528 0.2651
0.9683 0.0068 0.8185 0.2043
0.9772 0.0109 0.7918 0.2476
0.9772 0.0182 0.8044 0.2197
0.9772 0.0068 0.8106 0.2093
0.9772 0.0068 0.8233 0.2112
0.9811 0.0174 0.7983 0.2625
0.9815 0.0182 0.8370 0.2266
0.9862 0.0182 0.8701 0.1690
0.9862 0.0033 0.8212 0.2408
0.9862 0.0903 0.8814 0.1463
0.9862 0.0182 0.8849 0.1525
0.9862 0.0023 0.8957 0.1491
0.9862 0.0182 0.8940 0.1430
0.9862 0.5103 0.9150 0.0651
0.9862 0.6988 0.9217 0.0483
0.9862 0.0415 0.9134 0.0972
0.9862 0.2000 0.9193 0.0840
0.9862 0.7698 0.9259 0.0460
0.9862 0.0017 0.9118 0.1386
0.9862 0.6909 0.9319 0.0469
0.9862 0.0182 0.9174 0.1202
0.9862 0.2797 0.9373 0.0734
0.9862 0.8197 0.9430 0.0341
0.9862 0.0182 0.9435 0.0984
0.9862 0.0026 0.9396 0.1237
0.9862 0.0182 0.9494 0.0960
0.9862 0.8324 0.9572 0.0270
0.9862 0.0182 0.9430 0.1334
0.9907 0.8735 0.9622 0.0187
0.9907 0.0091 0.9438 0.1342
0.9907 0.8923 0.9648 0.0143
0.9907 0.8923 0.9655 0.0144
0.9907 0.4460 0.9582 0.0568
0.9907 0.7230 0.9598 0.0361
0.9907 0.7230 0.9634 0.0297
0.9907 0.8526 0.9658 0.0212
0.9907 0.8392 0.9658 0.0221
0.9907 0.0079 0.9487 0.1342
0.9907 0.0182 0.9575 0.0951
0.9907 0.0182 0.9542 0.0977
0.9907 0.0182 0.9577 0.0951
0.9907 0.0182 0.9587 0.0950
0.9907 0.9304 0.9685 0.0102
0.9907 0.7230 0.9658 0.0262
0.9907 0.0182 0.9557 0.0989
0.9907 0.7230 0.9591 0.0498
0.9907 0.7230 0.9653 0.0363
0.9907 0.0182 0.9549 0.1006
0.9907 0.0182 0.9486 0.1354
0.9907 0.0182 0.9494 0.1355
0.9907 0.0182 0.9564 0.0999
0.9907 0.7230 0.9677 0.0266
0.9907 0.0182 0.9418 0.1628
0.9907 0.0182 0.9607 0.0953
0.9907 0.0182 0.9573 0.0976
0.9907 0.0182 0.9545 0.1001
0.9907 0.7456 0.9651 0.0252
0.9907 0.9345 0.9662 0.0117
0.9907 0.0042 0.9272 0.1868
0.9907 0.0182 0.9478 0.1334
0.9907 0.8526 0.9647 0.0188
0.9907 0.7157 0.9637 0.0283
0.9907 0.6815 0.9629 0.0404
0.9907 0.0182 0.9551 0.0986
0.9907 0.0079 0.9481 0.1341
0.9907 0.0182 0.9395 0.1625
0.9907 0.9345 0.9668 0.0105
0.9907 0.9146 0.9675 0.0107
0.9907 0.0182 0.9546 0.0984
0.9907 0.0182 0.9476 0.1331
0.9907 0.0182 0.9545 0.0950
0.9907 0.8992 0.9642 0.0137
0.9907 0.0048 0.9465 0.1343
0.9907 0.8992 0.9649 0.0146
0.9907 0.0182 0.9523 0.0975
0.9907 0.0041 0.9520 0.1003
0.9907 0.4571 0.9534 0.0600
0.9907 0.0038 0.9527 0.0976
0.9907 0.8066 0.9623 0.0243
0.9907 0.0182 0.9511 0.0978
0.9907 0.7933 0.9567 0.0339
0.9907 0.8458 0.9576 0.0292
0.9907 0.0007 0.9514 0.0989
0.9907 0.0182 0.9569 0.0957
0.9907 0.0024 0.9289 0.1873
0.9907 0.0182 0.9568 0.0958
0.9907 0.0048 0.9541 0.0973
0.9907 0.8392 0.9651 0.0208
0.9907 0.9030 0.9676 0.0182
0.9907 0.9106 0.9649 0.0212
0.9907 0.8992 0.9643 0.0222
0.9907 0.0182 0.9374 0.1631
0.9907 0.0182 0.9561 0.0970
0.9907 0.3381 0.9600 0.0660
0.9907 0.8992 0.9624 0.0251
0.9907 0.8992 0.9632 0.0251
0.9907 0.8045 0.9575 0.0302
